GENE	Rstd	SM102	SM104	SM105	SM108	SM109	SM11	SM122	SM13	SM14	SM18	SM24	SM27	SM28	SM29	SM35	SM36	SM42	SM48	SM57	SM66	SM67	SM72	SM74	SM84	SM9	SM91
G232_04801	5.17	0.00	7.41	2.63	4.23	3.13	0.86	2.54	5.74	0.87	4.25	3.46	3.66	2.26	1.23	0.71	0.00	3.51	0.21	1.44	11.19	1.66	0.40	0.86	4.96	5.21	4.17
G232_04802	11.23	0.91	11.86	3.53	2.81	1.13	1.44	2.22	4.00	4.26	8.47	1.98	3.09	3.25	4.82	0.28	0.00	5.73	1.08	0.00	6.74	2.00	0.34	1.74	9.91	5.92	7.11
G232_04803	8.56	0.12	8.00	2.36	4.02	2.20	1.14	0.90	3.61	2.39	12.62	1.43	2.53	2.61	2.43	0.24	0.00	5.25	1.72	0.48	4.89	2.34	0.00	1.06	12.24	4.11	8.86
G232_04804	10.84	3.44	5.27	1.13	3.48	2.78	1.82	0.71	4.38	8.52	11.96	2.38	2.55	2.96	2.92	0.85	9.15	5.42	0.97	1.20	5.21	1.88	5.51	0.72	12.49	7.83	11.29
G232_04805	11.77	0.42	6.31	1.85	4.17	1.21	0.91	1.76	4.57	2.10	9.98	1.54	3.84	2.10	4.30	0.85	0.65	4.51	1.25	0.74	5.58	2.69	0.66	0.69	12.82	4.30	9.83
G232_04806	8.25	0.33	5.89	1.75	3.79	1.32	1.06	1.68	3.49	2.50	11.36	0.93	4.31	2.07	3.59	0.69	0.03	4.28	0.80	1.44	6.53	2.67	0.13	0.75	12.14	4.68	9.08
G232_04807	9.73	0.86	5.09	1.21	3.71	1.17	0.95	0.85	3.51	1.53	12.38	1.46	3.39	3.21	4.48	0.51	0.46	5.35	1.08	0.53	4.86	2.38	0.40	0.93	11.62	4.09	10.24
G232_04808	9.67	0.25	5.55	1.99	4.32	1.42	1.03	1.33	4.65	2.67	10.94	1.43	4.04	3.12	4.25	0.80	0.43	4.84	0.91	0.86	5.29	2.56	0.48	0.38	11.64	5.53	11.00
G232_04809	7.65	1.55	6.31	1.15	2.70	1.61	1.27	1.31	3.01	3.88	7.96	1.23	2.68	1.86	3.69	0.54	2.38	3.14	0.65	1.43	7.16	2.85	2.05	1.48	7.81	3.74	6.42
