GENE	Rstd	SM102	SM104	SM105	SM108	SM109	SM11	SM122	SM13	SM14	SM18	SM24	SM27	SM28	SM29	SM35	SM36	SM42	SM48	SM57	SM66	SM67	SM72	SM74	SM84	SM9	SM91
G232_02613	0.6541	5.3287	0.6263	0.8833	0.8091	1.3565	1.4337	1.0331	0.9592	3.6183	1.7479	1.1974	1.0212	1.0750	1.2719	1.0476	7.1401	0.8609	0.9030	1.0336	0.6839	0.9188	6.8128	0.5252	0.9298	0.8880	0.9185
G232_02614	0.6323	0.9021	0.8871	0.5681	0.5954	0.8435	0.9157	0.9272	0.8485	0.6694	1.1194	1.0351	0.6051	1.4607	0.7836	0.5619	0.4825	0.9278	0.4545	1.0084	0.8994	0.9448	0.6059	1.2374	0.8772	0.9792	0.9973
G232_02615	1.0208	0.2168	0.9530	0.5759	0.9461	0.9609	1.1627	0.4702	0.6408	0.4409	1.3203	1.1623	0.9193	1.3321	1.1316	0.5429	0.2607	0.7852	0.8848	0.9832	0.8735	0.5682	0.3153	1.1079	1.0503	0.8480	1.0257
G232_02616	0.8434	1.6853	0.8508	0.6693	1.0041	0.9391	1.0241	1.1060	0.7961	1.4113	1.3557	0.9211	0.6645	0.9893	1.0234	0.9810	2.0389	0.7535	0.6364	1.3025	1.0284	1.0974	1.9655	0.9209	0.7651	0.9264	0.6174
G232_02617	0.7830	1.3287	0.7151	0.6381	0.5892	1.3957	1.3855	0.4967	0.6291	2.0753	1.2996	0.5570	0.7452	0.8893	1.1111	0.8286	1.8794	1.4472	1.4667	1.0420	0.7806	0.7857	2.3941	1.0360	1.0252	0.8896	1.0195
G232_02618	0.7354	1.3357	0.7755	0.9494	1.0021	0.9696	0.4639	0.7351	0.8447	1.5511	1.4287	0.8246	0.8662	0.9643	1.6871	0.9429	1.3813	1.0299	1.1152	0.4286	0.7535	0.7435	1.4433	1.0863	0.6804	0.9568	0.8875
G232_02619	1.0050	2.0979	0.7218	1.0195	0.8755	1.2348	0.5723	0.6689	0.8155	2.1371	1.2972	0.6447	0.7941	1.0786	0.9883	0.4857	2.6615	1.1109	0.8909	0.6134	0.7716	0.4123	2.0345	0.7842	0.8902	0.7808	0.9495
G232_02620	0.9495	3.7203	0.8280	0.8988	0.8963	1.0957	1.2229	0.8212	0.8874	2.4274	1.2144	0.8289	0.8450	0.9107	1.2193	1.1619	5.1556	0.8574	1.0182	0.6807	0.7742	0.9286	4.3744	0.4676	0.9336	0.7440	0.9141
G232_02621	1.2725	2.4056	0.6720	1.2412	0.8859	1.0565	1.3012	0.7682	1.4252	1.7151	1.5481	0.7149	1.1401	1.1393	1.7076	0.8000	2.0895	1.0616	1.0606	0.6639	0.8090	0.4383	2.3448	0.6906	0.9169	1.0816	1.0097
