GENE	Rstd	SM102	SM104	SM105	SM108	SM109	SM11	SM122	SM13	SM14	SM18	SM24	SM27	SM28	SM29	SM35	SM36	SM42	SM48	SM57	SM66	SM67	SM72	SM74	SM84	SM9	SM91
G232_01505	0.8385	1.8322	1.0981	1.2140	0.9378	1.4000	0.9337	0.6755	0.6913	1.4194	1.2533	1.1316	0.9299	0.7500	0.3421	1.4476	2.5447	0.7148	1.1091	0.8235	0.8026	1.0974	2.2857	0.6619	1.0595	0.9568	0.9894
G232_01506	1.0129	5.1958	1.2056	1.4553	1.0207	1.8826	1.3795	1.1722	1.1437	3.1640	0.8989	1.0877	1.4161	1.0821	0.1871	1.2667	7.1556	1.8803	1.5697	0.7899	1.1303	1.1071	6.5616	1.3525	1.3509	1.6000	1.1081
G232_01507	0.8147	1.6783	1.0390	0.7977	0.9959	1.1304	1.0060	1.0000	1.3476	1.2688	0.7284	1.0921	1.1125	1.1286	0.5292	0.7905	1.3813	1.2077	1.0909	1.0420	1.1265	1.1234	1.7340	0.8129	1.2090	1.1232	1.0416
G232_01508	0.6224	2.4895	0.8481	0.9027	0.5913	0.9522	0.7229	0.8344	0.8932	1.9382	1.1340	0.7895	0.6412	0.9429	1.3538	0.5333	2.8249	0.9032	0.6970	0.4622	0.7032	1.0422	2.1429	0.7122	0.7635	0.8016	0.6634
G232_01509	0.7810	0.5455	0.9462	0.7588	0.7884	1.0391	0.7651	1.0927	0.7437	0.7177	1.4141	0.8202	0.8429	0.8321	1.1667	1.3238	0.2023	0.6532	1.1152	0.8908	0.8606	1.4903	0.0739	1.0647	0.9268	0.7808	0.8565
G232_01510	0.9643	0.0210	0.7809	0.8327	0.8734	0.4783	0.7229	1.2384	0.8757	0.7366	1.5286	0.6447	0.7919	0.5250	1.4474	0.4286	0.0000	0.8451	0.8727	1.0168	0.8852	1.0195	0.0345	0.9712	0.8063	1.0000	0.9725
G232_01511	1.0813	1.1189	1.0995	0.6148	1.2365	0.4957	1.0181	1.2781	0.7767	1.1075	1.1279	0.9167	1.1465	1.0429	1.6608	0.8095	1.4319	0.7746	0.9879	0.4118	1.1884	0.9123	1.0000	0.9784	0.8139	1.0592	0.9477
G232_01512	0.7750	0.2587	0.7285	0.7782	0.6971	0.8435	0.8976	0.6556	0.9087	0.3038	1.1303	0.7105	1.1741	1.1286	1.5409	1.1810	0.1518	1.0739	0.7818	0.6555	0.6297	0.6071	0.2611	0.5468	0.5889	0.8896	1.0416
G232_01513	1.0575	1.2797	1.0067	0.7082	0.9938	0.8739	0.6506	0.6821	0.9029	1.5242	1.2046	0.7544	0.5924	0.7643	1.1140	0.6000	1.7626	0.8644	0.7333	1.1092	0.7987	1.2857	1.9704	0.6115	0.8040	0.7152	0.7981
G232_01514	1.0089	1.1049	0.9099	0.8288	0.9398	0.8478	0.6145	0.8146	0.6544	1.0618	1.3362	0.5526	0.8365	1.0571	1.2018	0.6190	0.8444	0.5511	0.8485	1.0336	0.6052	0.8799	0.8128	0.3309	0.8619	0.7504	0.8875
G232_01515	0.8057	2.0769	0.8347	0.7510	0.7261	1.2174	0.7229	1.2914	0.7126	1.6720	1.0219	0.6404	0.6285	0.8464	0.9240	0.7238	2.1206	0.8627	0.8000	0.3950	0.9213	0.8052	2.0000	0.9496	0.9108	0.6128	1.0461
G232_01516	1.1090	3.1399	0.8911	0.8949	0.7593	1.1478	1.2470	1.0662	0.7883	2.5511	1.3289	0.8158	0.7749	0.8643	1.3216	1.1429	4.4397	0.9525	0.9030	0.7983	0.7239	0.8864	3.2759	0.6331	0.9260	0.8096	0.9052
G232_01517	0.8513	0.9860	0.8427	0.9027	0.8610	0.4826	0.6084	1.1987	0.8272	0.7231	1.2132	1.0132	0.8832	1.1679	1.4006	0.7333	0.9027	0.9947	0.8485	0.7395	0.7742	0.7110	0.9951	0.3957	1.0664	0.9440	0.8574
G232_01518	1.0069	1.0909	0.7809	1.2296	0.9129	0.8261	0.6988	0.7815	1.2524	0.9624	1.2497	0.8333	0.7962	1.0036	1.3158	0.6476	1.5564	0.7500	0.2061	0.7731	0.6052	0.9708	1.5665	0.3237	0.7979	0.7696	0.8955
G232_01519	0.9524	0.3846	0.8038	0.5603	0.5477	0.4478	0.5060	0.9801	0.7767	0.2634	1.7284	0.9956	0.5096	0.7857	1.3012	0.7143	0.2763	0.9366	0.4242	1.0504	0.8594	0.3409	0.3744	0.7050	0.7025	0.8368	0.8556
G232_01520	0.7839	2.2657	0.8199	0.7237	0.8050	1.0348	1.1807	0.9669	0.6680	1.6129	1.2984	0.8991	0.6412	0.9071	0.9123	0.7619	2.2529	1.0053	0.8727	0.8992	0.8026	0.8019	2.0640	0.8417	0.8101	0.8640	0.9061
G232_01521	0.8285	0.3217	0.7796	0.9183	0.7552	0.8478	0.3494	0.7550	0.9631	0.6855	1.2984	0.3816	1.1338	1.1786	1.3801	0.2476	0.3813	0.6725	0.4667	0.8235	0.7213	0.9091	0.5172	0.8129	1.0511	0.9472	0.6926
G232_01522	1.1715	2.0000	1.0860	0.9027	1.0726	0.9609	1.0482	0.3576	1.2485	1.8226	1.7613	1.0307	0.8259	0.9143	1.2749	0.6000	1.6887	1.1602	0.8364	0.5042	0.5974	0.8279	2.3547	0.4460	0.8299	1.0160	0.9885
G232_01523	0.8276	0.4685	1.0269	0.9805	0.9793	0.9435	1.0422	0.6755	0.6718	0.7742	1.5566	0.3465	0.5839	0.7929	0.9123	0.6857	0.8171	0.6602	0.9394	1.1261	0.7845	0.7922	1.2463	0.3525	0.7574	0.4384	0.7520
G232_01524	0.9207	2.3497	0.8669	0.8988	0.7510	0.9609	1.2530	0.7351	0.6660	1.7204	1.4032	0.7149	0.8301	1.1893	1.1754	0.9333	2.7821	0.9665	1.0364	0.5714	0.8516	0.9286	2.1724	0.6403	0.9298	0.8080	0.9849
G232_01525	1.0654	1.0350	0.7890	0.6420	0.8548	0.9826	0.9217	0.6358	0.9301	1.3656	1.3410	0.7456	1.0042	0.8750	1.1579	1.1048	1.6537	0.7852	1.0364	0.9748	0.8103	0.7597	1.5320	1.0360	0.8734	0.8304	0.8937
G232_01526	0.8722	0.2448	0.4987	0.6342	0.9855	0.6522	0.9337	1.0000	0.8854	0.5538	1.0146	0.9211	0.7941	0.9714	1.1140	0.7619	0.1128	1.0000	0.4121	1.0924	0.8026	0.7110	0.1724	0.2374	0.9176	0.6640	0.7981
G232_01527	0.7760	2.3427	1.1304	1.0039	0.8278	1.0826	1.1024	0.5960	1.2058	1.7957	1.4970	0.8114	0.9384	1.2786	0.9766	1.0857	2.3307	0.8715	1.0424	0.8235	0.9239	0.8766	2.0936	1.8633	0.9733	0.8656	0.7945
G232_01528	1.0892	1.5105	0.8831	0.8366	0.7199	1.1957	0.9337	0.9205	0.8796	1.0887	1.2923	0.8070	0.7346	1.1250	1.2281	1.1619	1.6498	0.9419	1.0485	0.6891	1.0645	1.0260	1.5616	0.8921	0.8436	0.6464	0.8016
G232_01529	0.9663	1.1259	0.9301	0.7899	0.9440	0.7913	0.9036	0.8609	1.0680	1.2608	1.3946	0.9079	0.8195	0.8607	1.4211	0.6095	1.2996	1.1092	0.7697	1.1176	0.9329	1.0097	1.1330	0.4245	0.9466	0.9280	0.8609
G232_01530	0.9435	0.4126	0.8427	0.7393	0.8859	0.5870	0.4759	0.7550	0.7553	0.8253	1.1961	0.2412	0.8471	0.7750	1.0146	0.6857	0.2296	0.7588	0.5939	0.2773	0.6426	1.0714	0.1330	0.3453	0.8886	0.8256	0.9362
G232_01531	0.8573	0.2028	0.8481	0.5992	0.8195	0.7130	0.8434	1.3907	0.6971	0.6290	0.8490	0.7500	0.7665	0.6429	0.6404	0.8762	0.0000	0.6479	1.1030	0.4454	0.8568	1.2013	0.0493	1.1871	0.9535	0.5920	0.5731
G232_01532	1.0119	0.2867	0.8441	0.9261	0.7863	0.7304	1.2892	0.8808	0.9243	0.5134	1.3021	0.9079	1.0382	0.8500	1.0000	0.9333	0.2957	0.8891	0.6970	0.6975	0.8529	0.6981	0.4039	0.6691	0.8986	0.6960	0.8007
