GENE	Rstd	SM102	SM104	SM105	SM108	SM109	SM11	SM122	SM13	SM14	SM18	SM24	SM27	SM28	SM29	SM35	SM36	SM42	SM48	SM57	SM66	SM67	SM72	SM74	SM84	SM9	SM91
G232_05085	9.72	0.31	6.05	1.65	2.16	1.49	1.02	2.42	4.47	3.86	14.64	1.87	2.98	3.26	6.90	0.94	0.57	4.54	2.70	0.18	5.63	2.33	0.42	1.12	14.74	4.32	11.02
G232_05086	7.22	1.86	8.75	1.42	4.96	1.52	1.94	1.82	2.88	5.79	6.88	1.09	0.80	1.22	5.49	0.39	1.68	2.48	1.04	0.68	8.48	3.35	1.24	0.80	12.24	3.55	5.67
G232_05087	7.97	0.45	6.00	1.41	3.68	1.32	0.88	0.67	3.29	1.47	10.35	1.42	3.06	2.02	3.48	0.81	0.24	4.73	1.02	0.84	5.54	1.68	0.51	0.83	10.47	4.90	9.42
G232_05088	6.18	3.72	6.00	1.99	3.88	2.82	1.97	0.56	4.92	8.67	13.00	2.45	3.85	2.41	3.64	0.80	7.46	6.15	0.90	1.24	3.46	2.96	5.81	1.34	12.81	4.36	9.59
G232_05089	9.37	1.00	5.39	1.80	3.26	1.01	1.12	1.56	4.53	3.50	10.85	1.44	3.66	2.83	3.38	0.82	0.69	4.72	1.05	1.09	3.83	2.35	1.11	0.43	11.59	3.63	9.39
G232_05090	12.28	0.43	7.08	2.05	3.73	1.34	0.86	0.95	3.83	1.87	10.84	2.66	4.16	1.77	4.23	1.02	0.75	3.82	1.31	0.95	5.40	2.68	0.55	0.62	10.99	4.11	10.74
G232_05091	10.12	1.63	8.29	2.23	3.94	1.57	1.54	1.13	3.80	4.95	9.62	1.66	4.30	2.99	3.58	1.04	4.50	4.91	1.92	0.35	7.80	2.22	3.54	1.06	11.63	6.19	9.81
G232_05092	7.03	0.71	5.49	2.10	2.48	1.61	0.95	1.00	3.82	1.98	11.34	2.50	2.88	2.34	3.42	0.40	0.66	4.61	0.73	0.48	6.00	1.87	0.95	1.35	12.36	4.18	9.92
G232_05093	6.49	0.84	5.82	2.49	3.90	1.90	1.70	1.34	3.53	2.92	11.53	1.90	4.42	2.97	4.07	0.56	1.78	5.04	1.49	0.97	6.06	1.71	1.14	0.83	11.90	6.00	9.39
