GENE	Rstd	SM102	SM104	SM105	SM108	SM109	SM11	SM122	SM13	SM14	SM18	SM24	SM27	SM28	SM29	SM35	SM36	SM42	SM48	SM57	SM66	SM67	SM72	SM74	SM84	SM9	SM91
G232_07424	0.8176	0.0000	0.7245	0.7899	0.5477	0.5435	0.6024	1.1987	0.9709	0.1801	0.1961	0.6228	0.8323	0.7071	0.6316	0.8286	0.0428	1.0246	0.9394	0.3361	0.7781	0.8117	0.0542	0.4460	0.7643	0.6752	0.8113
G232_07425	4.0297	0.3636	3.4274	2.1401	1.8216	1.4000	2.0181	4.3510	3.8524	1.3575	0.9379	2.1272	0.9915	3.2214	13.2456	2.1429	0.0000	3.9894	2.8424	2.2605	3.5290	3.0097	0.1478	0.9353	2.2494	1.2048	3.5784
G232_07426	1.2815	0.0000	1.5202	1.0078	1.3983	0.2957	1.7349	1.9404	3.2039	0.5645	0.8331	1.4956	0.8365	2.7786	8.7661	1.1429	0.0000	2.5158	0.9636	2.4958	2.8800	1.5390	0.0000	1.1871	1.5156	1.2432	2.1594
G232_07427	0.4936	1.5455	0.5591	0.5214	0.5975	0.9522	0.7892	1.2914	1.0951	0.8871	1.6711	1.9079	0.6709	0.8964	1.2982	1.2381	1.1401	0.8504	0.9636	0.5378	0.5574	0.7565	1.0049	0.4604	0.7559	0.8320	0.9973
G232_07428	0.6165	1.8042	0.5081	0.6848	0.6390	0.6739	0.9578	0.6887	0.9184	1.9059	1.1510	1.0439	0.7941	1.0429	0.8860	0.6762	2.5642	0.9683	0.6788	0.6471	0.5871	0.5714	1.8867	0.4604	0.9115	1.1120	0.9451
G232_07429	0.8523	0.6434	0.8468	0.9261	0.8485	0.9522	0.5783	1.0132	0.7883	0.8145	1.2351	0.7105	0.6624	0.8786	1.0088	0.9429	0.7549	0.7817	0.7576	0.8319	0.6787	0.9578	0.9261	0.4748	0.8116	0.7168	0.7422
G232_07430	0.6174	0.9091	0.7151	0.6576	1.0581	0.6565	0.4217	1.1126	0.8738	1.3925	1.1657	0.5702	0.9002	1.0500	1.1111	0.6952	0.6693	0.7606	1.4848	1.2101	0.6890	1.0065	0.8571	0.8705	0.7086	1.1440	0.9176
G232_07431	0.6660	0.6154	0.7298	0.8794	0.9896	1.1043	0.8494	0.5894	0.9126	0.9167	1.1864	0.7939	0.9554	0.6750	1.1579	0.6286	0.9222	0.9507	1.0667	0.7899	0.7574	0.7273	0.9704	0.9496	0.8749	0.8464	0.8291
G232_07432	1.1943	0.0979	0.8333	0.7354	0.7178	0.5522	0.6747	1.1523	0.8369	0.3683	1.1486	1.0789	0.8577	0.6643	1.1520	0.9905	0.0000	1.0229	1.2545	0.9496	0.7523	0.9870	0.0000	0.8129	0.7330	0.6864	0.9566
G232_07433	0.8959	1.0559	0.8091	0.5214	0.8444	1.0478	0.6024	0.8477	0.7515	0.9892	1.3203	0.6974	0.7686	0.6500	1.1725	0.6000	1.1790	0.8398	0.8242	0.6387	0.7677	0.7532	0.9163	0.4820	0.9962	0.6832	0.9752
G232_07434	0.6006	1.4056	0.7231	0.7198	1.0996	0.5217	1.3253	0.8013	0.7359	1.0430	1.5164	0.5658	0.5414	0.9071	1.3421	0.6095	2.2490	1.0123	0.6242	0.4370	0.8090	0.8766	1.9557	0.8273	0.6430	0.7664	0.9309
G232_07435	0.7958	0.2378	0.7231	0.8444	0.9606	0.5000	0.6928	0.7351	0.8757	0.7849	1.3825	1.0439	0.8493	0.9107	1.0117	1.1048	0.1128	0.7465	0.9394	0.5798	0.7252	0.9156	0.2365	0.7554	0.8879	0.6432	0.8928
G232_07436	0.9881	0.0769	0.6815	1.2724	0.7116	0.5565	0.4398	0.3709	0.7165	0.3468	1.2278	0.9430	0.7282	0.8750	1.1520	0.7048	0.1556	0.8151	0.7818	0.5714	0.7252	0.6494	0.1281	0.5827	0.9703	0.6592	0.8149
G232_07437	0.8018	3.8671	0.7124	0.4786	0.9481	1.1304	0.9819	1.1126	0.7592	2.4113	1.1145	0.5833	0.6136	0.9893	0.8596	0.7429	4.1284	0.6866	0.7697	0.9580	0.7897	0.6364	4.1724	1.0288	0.7010	0.5904	0.7981
G232_07438	0.8107	0.1678	0.5336	0.5019	0.8817	0.5870	0.2892	0.8013	0.7476	0.7419	1.3496	0.8465	1.0807	1.2929	0.9298	0.6857	0.3813	0.7060	0.5455	0.6218	0.7019	0.6721	0.0591	1.7410	0.7086	0.4304	0.8530
G232_07439	0.6749	0.3427	0.5847	0.9027	0.9274	0.4130	0.4819	0.1192	0.8194	0.6640	1.3703	0.7851	0.7813	0.6143	1.2719	0.6667	0.0467	0.7606	0.0182	1.0420	0.8116	1.0682	0.1034	0.5755	1.1175	1.0288	0.9380
G232_07440	0.5243	0.7552	0.7110	0.4397	0.6971	0.9739	1.3133	0.4437	0.6583	0.2016	0.0329	0.3904	0.4076	0.3107	0.0292	0.3810	0.2763	0.4560	0.3818	0.7311	0.7497	1.0227	0.6552	0.7338	0.6651	0.5440	0.5545
G232_07441	0.5837	0.2448	0.7554	0.8327	0.7448	0.7609	0.7651	0.8874	0.7592	0.5565	0.9086	0.6316	0.9002	0.4679	1.0175	1.1048	0.3658	0.6180	1.3333	0.6975	0.6800	0.8734	0.2365	0.6331	0.8223	0.5136	0.5651
G232_07442	0.7602	1.2098	0.6075	0.4864	0.7033	1.1826	1.0602	1.1457	0.9049	0.8871	1.4373	0.7851	0.7452	1.2036	0.9708	1.5333	1.4708	0.8046	0.6303	0.8487	0.7303	0.7435	2.5222	0.6835	0.8520	0.6384	0.8406
G232_07443	0.6928	0.2238	0.8132	0.4825	0.6763	0.4130	0.4458	0.7351	0.5825	0.3280	1.0122	0.7281	0.6497	0.9571	0.9795	0.5238	0.0973	0.8451	0.5455	0.4622	0.3794	0.6006	0.2167	0.2950	0.7765	0.8304	0.8344
G232_07444	0.7453	0.5524	0.8105	0.6226	1.2593	1.6174	0.6747	0.5629	0.9437	0.3602	1.2948	0.8377	0.5435	0.5571	0.9942	0.6000	0.2529	0.5563	0.6242	0.9916	0.7974	0.9123	0.4778	1.1007	0.5896	0.7056	0.8282
G232_07445	0.8057	0.3776	0.8360	0.6965	0.7386	0.6870	0.4699	0.4636	0.7398	0.6210	1.1559	0.6360	0.7389	0.9071	0.8830	0.9714	0.2568	0.7588	0.7818	0.8319	0.7071	0.9610	0.3498	0.9784	0.7979	0.7968	0.8060
G232_07446	0.5491	5.4965	0.7769	1.0078	0.6037	1.2435	1.2952	1.0596	0.5534	3.1586	1.0962	0.5482	0.8450	0.5786	0.8626	1.3905	5.3502	0.7606	0.7455	0.7395	0.4542	0.6591	5.0788	0.2158	0.6018	0.8560	0.6661
G232_07447	0.8870	4.6364	0.7097	0.8677	0.7780	1.3174	1.5241	0.8013	0.7359	3.1210	1.3752	0.9079	1.1529	0.9571	1.3012	1.2381	5.2957	0.9648	0.6061	0.5210	0.3316	0.8344	5.1675	0.7122	0.8330	0.9424	0.8707
G232_07448	0.7929	0.8671	0.6694	0.8171	0.4751	0.8174	0.7229	0.4238	0.5748	0.6828	1.1437	0.9605	0.8471	1.1786	0.9708	1.0286	0.8249	0.8820	0.6606	0.9580	0.6219	0.7857	0.7783	1.2590	0.7841	0.9392	0.8344
G232_07449	0.9495	0.1818	0.4772	1.6615	1.1701	0.5130	1.1506	0.1060	0.9670	0.7634	0.0000	1.0746	1.2442	0.6357	0.0468	0.1333	0.0000	0.7306	0.6121	0.9244	0.6103	0.5357	0.0000	0.9424	0.8642	0.5888	0.8282
G232_07450	0.5540	4.1678	0.5901	0.8599	0.9689	0.7435	1.4940	0.8278	0.5146	2.9409	1.4458	0.5000	0.7856	0.8571	1.0468	1.8095	4.5331	0.8310	1.4848	0.8487	0.9006	0.8442	4.7438	1.0144	0.8612	0.7584	0.6873
G232_07451	0.8464	0.8252	0.8589	0.9300	0.7905	0.9739	0.8434	0.7616	0.9087	0.9704	1.4056	0.8596	0.8896	0.9286	1.2135	0.9619	0.9883	1.0405	0.9636	0.9328	0.7910	0.8571	0.9064	0.8633	0.8352	0.9728	0.9150
G232_07452	0.6769	1.2308	0.8454	0.6887	0.7863	0.7217	0.9096	0.9536	0.9845	0.8522	1.1620	0.7632	0.9151	0.8571	1.1637	0.9048	1.1401	0.9982	0.9333	0.8571	0.8194	0.7175	1.1626	0.4892	0.7971	0.7520	0.9371
G232_07453	0.9435	0.0909	0.7513	0.8482	0.9129	0.6087	0.5181	0.7815	0.8175	0.6425	1.2838	0.6491	0.9321	0.8821	1.2865	0.9333	0.0895	0.7588	1.0424	0.8908	0.9561	0.7208	0.1281	0.5827	0.7094	0.7296	0.8335
G232_07454	0.8206	0.2378	0.9489	0.6809	0.8983	0.7087	0.5663	0.5894	0.5379	0.8495	1.2643	0.8070	0.7707	0.7679	1.2661	0.6095	0.0117	1.0335	1.2970	0.3193	0.7316	1.2338	0.0148	0.5108	0.8558	0.7264	0.7697
G232_07455	0.6145	0.6993	0.8280	0.8482	0.9129	0.8304	0.6566	0.9735	0.9184	0.8387	2.0974	1.0351	0.7070	1.1607	1.3304	0.8286	0.6342	0.9225	0.5091	0.8571	0.7213	0.7695	0.6010	0.7482	0.7475	0.7088	0.7095
G232_07456	0.9098	0.1469	0.8696	0.9144	0.7573	0.8870	0.5542	1.1457	0.6097	0.3790	1.1048	0.7018	0.7686	0.8929	1.2836	1.4667	0.0895	0.8486	0.9939	1.3277	0.8890	0.9221	0.1133	0.5540	0.9588	0.6464	0.8911
