GENE	Rstd	SM102	SM104	SM105	SM108	SM109	SM11	SM122	SM13	SM14	SM18	SM24	SM27	SM28	SM29	SM35	SM36	SM42	SM48	SM57	SM66	SM67	SM72	SM74	SM84	SM9	SM91
G232_10140	10.63	0.23	5.27	1.79	3.02	0.95	0.93	2.20	3.77	1.76	9.36	1.93	3.96	2.27	2.54	0.67	0.03	6.38	0.89	1.02	5.04	1.28	0.23	0.90	11.70	5.42	9.55
G232_10141	6.46	3.82	5.49	1.61	3.53	2.24	1.67	2.09	3.83	7.38	9.76	0.75	3.77	1.87	4.30	1.30	5.95	6.08	1.33	1.19	4.39	2.08	4.54	0.74	12.59	3.37	8.93
G232_10142	6.12	0.90	5.07	2.22	3.41	1.48	0.42	0.79	3.58	2.57	11.04	1.90	3.96	1.22	4.20	0.18	1.36	5.01	1.79	0.44	5.25	2.59	1.93	1.96	10.75	4.42	11.37
G232_10143	7.03	0.51	4.23	1.31	3.98	1.18	1.13	1.01	3.69	2.36	10.05	1.40	2.24	1.66	3.69	0.98	1.22	4.27	0.87	0.50	5.44	2.21	0.98	0.92	9.15	4.20	7.34
G232_10144	7.65	0.88	5.11	2.27	4.07	1.56	1.58	0.90	4.18	4.20	12.85	2.60	3.54	3.06	4.14	1.18	2.52	5.55	1.19	1.23	5.31	2.56	1.50	1.51	10.31	5.37	10.07
G232_10145	7.72	1.00	7.90	2.55	4.19	1.07	1.31	0.94	4.14	2.57	9.87	1.46	3.13	1.63	0.74	0.69	1.68	4.67	0.78	1.04	4.36	1.88	1.59	1.20	11.57	5.57	9.31
G232_10146	8.32	2.79	6.45	2.07	3.29	2.30	1.64	1.58	4.77	4.47	12.54	1.46	4.04	2.59	3.28	1.48	4.91	5.43	1.73	1.24	6.32	2.26	4.95	1.19	11.24	4.76	9.57
G232_10147	4.31	0.72	2.42	0.41	1.80	0.83	0.38	0.95	1.83	1.56	5.87	1.51	3.07	1.17	2.35	0.17	1.72	2.88	0.68	0.25	1.31	1.14	1.45	0.62	5.41	1.85	5.51
G232_10148	1.65	0.16	3.00	0.61	2.05	0.25	0.65	0.64	2.06	0.66	5.04	1.24	0.99	1.38	1.03	0.24	0.23	2.71	0.65	0.60	2.87	1.03	0.21	0.19	4.67	3.23	4.43
