GENE	Rstd	SM102	SM104	SM105	SM108	SM109	SM11	SM122	SM13	SM14	SM18	SM24	SM27	SM28	SM29	SM35	SM36	SM42	SM48	SM57	SM66	SM67	SM72	SM74	SM84	SM9	SM91
G232_10764	8.32	0.00	7.43	2.26	3.88	2.02	0.79	1.28	2.93	2.63	0.00	1.91	5.51	1.19	1.80	0.63	0.00	3.21	1.63	0.83	5.34	2.44	0.62	1.22	11.24	5.02	8.62
G232_10765	7.41	0.12	6.58	1.98	4.79	1.54	1.06	1.56	4.11	2.18	9.47	2.09	3.07	2.80	3.91	0.59	0.12	5.96	1.15	1.06	5.86	1.87	0.12	1.06	11.42	4.74	10.25
G232_10766	7.81	2.06	5.57	1.95	4.01	1.82	1.51	1.53	4.19	4.03	9.96	1.81	3.68	3.05	3.53	0.45	3.31	6.12	1.75	0.99	5.12	2.35	2.74	0.78	11.40	5.38	10.06
G232_10767	8.73	1.35	6.73	1.79	3.85	2.38	0.80	1.54	3.49	2.27	10.50	1.04	2.16	1.62	3.20	0.92	1.87	4.52	0.93	1.60	6.17	2.30	2.33	1.16	8.59	3.74	8.59
G232_10768	8.62	1.42	7.38	1.42	3.43	1.38	0.64	2.22	4.15	2.46	6.85	1.90	3.04	1.90	4.20	0.48	3.42	3.46	0.77	0.84	6.20	2.47	1.94	1.40	8.92	5.19	11.23
G232_10769	7.89	0.61	4.86	2.18	3.19	1.34	1.33	1.00	5.13	2.38	10.47	1.97	4.03	2.33	2.67	0.90	1.12	4.04	0.78	0.76	6.18	2.59	1.28	1.01	10.90	4.88	11.70
G232_10770	9.13	9.14	6.20	1.29	4.35	3.00	1.65	0.71	4.47	14.99	13.93	1.61	2.25	2.40	4.09	1.40	19.10	7.07	1.67	0.74	4.99	1.88	11.60	0.62	10.05	4.89	10.05
G232_10771	8.68	0.74	6.54	1.96	3.05	1.16	1.52	1.10	5.16	2.53	9.85	2.74	3.13	2.50	5.06	0.92	0.74	5.96	1.02	1.03	6.78	1.50	0.55	1.66	9.58	4.53	8.75
G232_10772	8.83	0.46	6.56	1.88	3.48	1.53	1.02	1.30	4.57	2.15	10.19	1.72	3.96	2.70	3.37	0.71	1.00	3.89	1.16	0.78	6.42	2.22	0.63	0.78	11.24	4.76	9.68
