GENE	Rstd	SM102	SM104	SM105	SM108	SM109	SM11	SM122	SM13	SM14	SM18	SM24	SM27	SM28	SM29	SM35	SM36	SM42	SM48	SM57	SM66	SM67	SM72	SM74	SM84	SM9	SM91
G232_04801	0.5124	0.0000	0.9960	1.0233	0.8776	1.3609	0.5181	1.6821	1.1146	0.2339	0.5177	1.5175	0.7771	0.8071	0.3596	0.6762	0.0000	0.6180	0.1273	1.2101	1.4439	0.5390	0.1970	0.6187	0.3783	0.8336	0.3694
G232_04802	1.1130	0.6364	1.5941	1.3735	0.5830	0.4913	0.8675	1.4702	0.7767	1.1452	1.0317	0.8684	0.6561	1.1607	1.4094	0.2667	0.0000	1.0088	0.6545	0.0000	0.8697	0.6494	0.1675	1.2518	0.7559	0.9472	0.6298
G232_04803	0.8484	0.0839	1.0753	0.9183	0.8340	0.9565	0.6867	0.5960	0.7010	0.6425	1.5371	0.6272	0.5372	0.9321	0.7105	0.2286	0.0000	0.9243	1.0424	0.4034	0.6310	0.7597	0.0000	0.7626	0.9336	0.6576	0.7848
G232_04804	1.0743	2.4056	0.7083	0.4397	0.7220	1.2087	1.0964	0.4702	0.8505	2.2903	1.4568	1.0439	0.5414	1.0571	0.8538	0.8095	3.5603	0.9542	0.5879	1.0084	0.6723	0.6104	2.7143	0.5180	0.9527	1.2528	1.0000
G232_04805	1.1665	0.2937	0.8481	0.7198	0.8651	0.5261	0.5482	1.1656	0.8874	0.5645	1.2156	0.6754	0.8153	0.7500	1.2573	0.8095	0.2529	0.7940	0.7576	0.6218	0.7200	0.8734	0.3251	0.4964	0.9779	0.6880	0.8707
G232_04806	0.8176	0.2308	0.7917	0.6809	0.7863	0.5739	0.6386	1.1126	0.6777	0.6720	1.3837	0.4079	0.9151	0.7393	1.0497	0.6571	0.0117	0.7535	0.4848	1.2101	0.8426	0.8669	0.0640	0.5396	0.9260	0.7488	0.8043
G232_04807	0.9643	0.6014	0.6841	0.4708	0.7697	0.5087	0.5723	0.5629	0.6816	0.4113	1.5079	0.6404	0.7197	1.1464	1.3099	0.4857	0.1790	0.9419	0.6545	0.4454	0.6271	0.7727	0.1970	0.6691	0.8863	0.6544	0.9070
G232_04808	0.9584	0.1748	0.7460	0.7743	0.8963	0.6174	0.6205	0.8808	0.9029	0.7177	1.3325	0.6272	0.8577	1.1143	1.2427	0.7619	0.1673	0.8521	0.5515	0.7227	0.6826	0.8312	0.2365	0.2734	0.8879	0.8848	0.9743
G232_04809	0.7582	1.0839	0.8481	0.4475	0.5602	0.7000	0.7651	0.8675	0.5845	1.0430	0.9695	0.5395	0.5690	0.6643	1.0789	0.5143	0.9261	0.5528	0.3939	1.2017	0.9239	0.9253	1.0099	1.0647	0.5957	0.5984	0.5686
