GENE	Rstd	SM102	SM104	SM105	SM108	SM109	SM11	SM122	SM13	SM14	SM18	SM24	SM27	SM28	SM29	SM35	SM36	SM42	SM48	SM57	SM66	SM67	SM72	SM74	SM84	SM9	SM91
G232_10764	0.8246	0.0000	0.9987	0.8794	0.8050	0.8783	0.4759	0.8477	0.5689	0.7070	0.0000	0.8377	1.1699	0.4250	0.5263	0.6000	0.0000	0.5651	0.9879	0.6975	0.6890	0.7922	0.3054	0.8777	0.8574	0.8032	0.7635
G232_10765	0.7344	0.0839	0.8844	0.7704	0.9938	0.6696	0.6386	1.0331	0.7981	0.5860	1.1535	0.9167	0.6518	1.0000	1.1433	0.5619	0.0467	1.0493	0.6970	0.8908	0.7561	0.6071	0.0591	0.7626	0.8711	0.7584	0.9079
G232_10766	0.7740	1.4406	0.7487	0.7588	0.8320	0.7913	0.9096	1.0132	0.8136	1.0833	1.2132	0.7939	0.7813	1.0893	1.0322	0.4286	1.2879	1.0775	1.0606	0.8319	0.6606	0.7630	1.3498	0.5612	0.8696	0.8608	0.8911
G232_10767	0.8652	0.9441	0.9046	0.6965	0.7988	1.0348	0.4819	1.0199	0.6777	0.6102	1.2789	0.4561	0.4586	0.5786	0.9357	0.8762	0.7276	0.7958	0.5636	1.3445	0.7961	0.7468	1.1478	0.8345	0.6552	0.5984	0.7609
G232_10768	0.8543	0.9930	0.9919	0.5525	0.7116	0.6000	0.3855	1.4702	0.8058	0.6613	0.8343	0.8333	0.6454	0.6786	1.2281	0.4571	1.3307	0.6092	0.4667	0.7059	0.8000	0.8019	0.9557	1.0072	0.6804	0.8304	0.9947
G232_10769	0.7820	0.4266	0.6532	0.8482	0.6618	0.5826	0.8012	0.6623	0.9961	0.6398	1.2753	0.8640	0.8556	0.8321	0.7807	0.8571	0.4358	0.7113	0.4727	0.6387	0.7974	0.8409	0.6305	0.7266	0.8314	0.7808	1.0363
G232_10770	0.9049	6.3916	0.8333	0.5019	0.9025	1.3043	0.9940	0.4702	0.8680	4.0296	1.6967	0.7061	0.4777	0.8571	1.1959	1.3333	7.4319	1.2447	1.0121	0.6218	0.6439	0.6104	5.7143	0.4460	0.7666	0.7824	0.8902
G232_10771	0.8603	0.5175	0.8790	0.7626	0.6328	0.5043	0.9157	0.7285	1.0019	0.6801	1.1998	1.2018	0.6645	0.8929	1.4795	0.8762	0.2879	1.0493	0.6182	0.8655	0.8748	0.4870	0.2709	1.1942	0.7307	0.7248	0.7750
G232_10772	0.8751	0.3217	0.8817	0.7315	0.7220	0.6652	0.6145	0.8609	0.8874	0.5780	1.2412	0.7544	0.8408	0.9643	0.9854	0.6762	0.3891	0.6849	0.7030	0.6555	0.8284	0.7208	0.3103	0.5612	0.8574	0.7616	0.8574
