GENE	Rstd	SM102	SM104	SM105	SM108	SM109	SM11	SM122	SM13	SM14	SM18	SM24	SM27	SM28	SM29	SM35	SM36	SM42	SM48	SM57	SM66	SM67	SM72	SM74	SM84	SM9	SM91
G232_05590	0.8325	3.0210	0.8911	0.6926	0.7241	1.2000	1.0663	1.0331	0.8544	2.3763	1.4044	0.7939	1.0297	0.8000	1.3830	1.2000	3.6070	0.8944	0.7273	0.7899	0.8258	0.8019	3.3300	0.9712	0.8528	0.9968	0.8494
G232_05591	0.9871	0.3007	0.5753	0.6498	0.8672	0.6348	0.5120	0.8278	0.7689	0.4946	1.2728	0.5658	0.7813	0.7750	0.7573	1.0095	0.2257	0.8908	0.2182	0.6807	0.6297	0.9675	0.3300	0.3453	0.7376	0.7984	0.8202
G232_05592	0.7086	0.0559	0.9449	0.8288	1.0249	0.4391	0.3133	0.7947	0.6350	0.4140	1.2935	0.9386	0.8514	1.1714	1.0848	0.8095	0.0000	0.7870	0.5697	0.4706	0.6052	0.7565	0.0591	0.5180	0.8551	0.8528	0.9123
G232_05593	0.7255	0.6923	0.5551	0.6148	0.7427	1.0043	0.7229	0.9669	0.7864	0.7769	1.3800	1.0570	0.9406	1.2250	1.2807	1.1524	0.3541	0.8468	0.7576	0.7395	1.0077	0.8182	0.3596	0.6978	0.8169	1.0848	0.9114
G232_05594	0.5619	0.1119	0.8105	0.6265	0.8631	0.8783	0.7108	1.6490	0.7417	0.6532	1.3033	0.4079	0.7049	1.1393	1.5175	0.4381	0.0311	0.8768	1.1333	0.9160	1.2000	1.0000	0.1576	0.4676	0.8009	0.6448	0.6749
G232_05595	0.7314	0.9161	0.9207	0.7549	0.8320	0.6304	0.6928	1.1126	0.6563	1.3065	1.2570	1.0921	0.5648	1.0107	1.4064	0.5333	1.1167	0.6954	0.8909	0.9328	0.6374	0.6169	0.9064	0.9209	0.9108	0.8128	0.8273
G232_05596	0.6283	0.6364	0.5726	0.7549	0.9315	0.8478	0.9036	0.6954	0.8951	0.7151	0.9220	0.8246	0.6093	0.6750	0.9795	0.6762	0.9961	0.6408	0.9636	0.9916	0.6852	0.5942	0.9507	0.7698	0.6812	0.7088	0.6298
G232_05597	0.9871	5.4615	1.3790	0.6498	1.8527	2.8696	2.8193	1.7086	0.9379	1.7984	1.3447	0.9211	0.6412	0.5714	1.1637	2.7619	3.1362	0.8979	1.3697	2.5294	2.5935	1.5682	4.8670	4.4173	0.8406	0.9520	0.8007
G232_05598	0.7948	0.9091	0.9220	0.8210	0.8817	1.0130	1.1566	0.8344	0.6524	0.9167	1.0840	0.6447	0.6921	0.7536	1.2047	0.6476	0.8482	0.6884	0.7515	1.0168	0.7948	0.9253	0.8621	0.8201	0.8124	0.7168	0.7281
