GENE	Rstd	SM102	SM104	SM105	SM108	SM109	SM11	SM122	SM13	SM14	SM18	SM24	SM27	SM28	SM29	SM35	SM36	SM42	SM48	SM57	SM66	SM67	SM72	SM74	SM84	SM9	SM91
G232_02208	0.7681	2.3986	1.1250	0.6070	0.8651	1.2609	0.9759	0.4106	0.9553	1.6882	1.0037	0.7325	0.5180	0.3357	1.0643	1.2381	2.5603	1.2676	1.1212	0.4034	0.8413	0.7110	1.8867	0.6906	0.9176	0.7392	0.9345
G232_02209	0.6938	0.0979	1.0121	0.5175	0.7386	1.0130	0.8133	0.6623	0.9184	0.5484	1.3630	0.6886	0.6348	1.2821	1.1520	1.2381	0.0000	0.9560	0.5091	0.5798	0.8219	0.4448	0.1232	0.6835	0.9047	0.8528	0.9229
G232_02210	0.8157	0.1469	0.7554	0.8872	0.5436	0.4261	0.4157	0.6954	0.7417	0.2339	1.5262	1.0658	0.5159	0.7857	1.3216	0.6857	0.0000	0.9842	0.6667	0.5378	0.6077	0.6234	0.0591	0.1511	1.0130	0.6160	0.7759
G232_02211	0.5441	0.0350	0.8306	0.6187	0.5498	0.3957	0.4398	1.1722	0.7864	0.2742	1.6322	0.6228	0.7686	0.8536	1.3158	0.2952	0.0000	0.8134	0.8182	0.5378	0.4748	0.7662	0.1330	0.5108	1.1144	0.8912	0.8893
G232_02212	0.8454	1.1818	0.7984	0.7549	0.7614	0.9087	0.9458	0.9603	0.8039	1.2715	1.4080	0.9211	0.8599	0.8500	1.0994	0.7524	1.5525	0.8539	0.8061	0.6303	0.7923	0.8344	1.7586	0.7338	0.9199	0.8784	0.7883
G232_02213	0.7473	1.0490	0.7312	0.6498	0.5954	0.6870	0.9940	1.0066	0.7262	0.9866	1.3069	0.7719	0.6093	0.6036	1.3830	0.7905	1.7121	0.7887	0.8242	0.4958	0.8206	0.7468	1.3793	0.5252	0.7857	0.7296	0.7591
G232_02214	0.9544	0.4266	0.7366	0.6265	0.8237	0.7043	0.6928	0.7616	0.9612	0.7070	1.4044	0.8202	0.9299	1.1357	1.3129	0.6952	0.3541	1.0317	0.9394	0.6891	0.8374	0.8214	0.4187	0.8129	0.8566	0.6672	0.9203
G232_02215	0.6442	0.2587	0.7769	0.8249	0.9481	0.7130	0.4036	1.0927	1.0019	0.4758	1.4616	0.7851	0.8217	1.1357	1.4766	0.7810	0.3152	1.0335	1.3030	0.4874	0.8748	0.6299	0.1281	0.7050	1.0275	0.7712	0.9088
G232_02216	0.9088	0.0280	0.9462	0.6420	1.0000	0.4609	0.7289	0.9404	0.8466	0.5780	1.1535	1.2588	0.9830	0.8071	0.5731	0.9905	0.0000	1.1338	0.7697	0.7731	0.6684	0.8734	0.0197	0.5612	1.0221	0.8672	0.9539
G232_02217	0.8464	1.9790	0.7540	0.6031	0.6846	0.6435	0.4880	1.2517	0.8544	2.1398	1.2996	1.0132	0.6497	1.1321	1.3041	0.7714	2.1012	0.9789	1.3576	1.0168	0.6606	0.5487	2.4778	0.4173	0.6674	0.7872	0.9548
G232_02218	0.7780	0.0350	1.6478	2.5253	3.2427	1.6913	0.8494	0.7020	0.9942	0.3522	0.0000	0.6886	2.6921	1.4000	0.0322	3.0095	0.0545	1.2676	1.4242	1.3445	0.7329	2.7078	0.0443	1.3957	2.6201	2.4816	1.2294
G232_02219	0.9058	0.0000	0.8508	0.8249	1.8921	1.0696	0.7048	0.9603	0.7515	0.2823	0.0268	0.9868	1.1295	0.5393	0.0205	1.3238	0.0272	0.6673	0.9091	0.3697	0.8787	1.0032	0.0640	0.4532	1.1770	1.2640	0.5049
G232_02220	0.8018	0.1678	0.8293	0.6732	0.7469	0.3826	0.4157	0.7881	0.8175	0.4866	1.2144	0.6228	0.8535	0.7714	1.0322	0.6000	0.1051	0.8451	0.5697	0.5210	0.5355	0.8344	0.3744	0.5468	0.7902	0.6448	0.8618
G232_02221	0.8811	4.2517	0.7151	0.8482	0.8589	1.2696	1.5723	1.2715	0.8175	3.1237	1.3605	0.8728	0.8896	1.0107	0.0614	0.8190	6.1051	1.0211	0.5697	1.0168	0.9213	0.9383	5.4433	1.0719	0.7948	0.6608	0.6652
G232_02222	0.7027	2.4336	0.7782	0.6965	0.8008	1.0087	1.0723	0.7682	0.8874	1.6263	1.4263	0.8904	0.6837	0.6679	1.1696	0.6381	2.5875	0.8345	0.9212	0.5882	0.7071	0.8539	2.3054	0.7554	0.9016	0.8912	0.7520
G232_02223	0.7096	0.3007	1.0927	0.5019	0.9689	0.8174	0.7410	1.4768	0.8117	0.6183	1.2339	0.8202	0.5987	0.6036	1.1228	0.8476	0.0350	0.6884	0.6061	1.0336	0.9729	0.9610	0.0985	1.1295	1.0351	0.6816	0.8432
G232_02224	0.8276	0.5944	0.7957	0.7821	0.9149	0.6130	0.9277	0.8146	0.9476	0.7957	1.4385	1.0395	0.7134	0.9714	1.7135	0.8762	0.5253	0.9261	0.6727	0.4790	0.8271	0.9123	0.6108	0.7410	0.8696	0.7744	1.0142
G232_02225	0.9594	0.0909	0.7258	0.7004	0.8382	0.4696	0.6024	1.0199	0.8272	0.5054	1.5725	0.4649	0.9342	0.8607	0.9737	0.7905	0.0000	0.8046	0.6848	1.0252	0.6852	1.0714	0.0197	0.8201	0.9786	0.9216	0.8778
G232_02226	1.0278	0.0000	0.8777	1.0195	0.8817	0.7913	0.3735	0.7417	0.6466	0.5161	1.3752	0.6184	0.8896	0.7143	1.1287	0.6762	0.0000	0.8644	1.1152	0.8403	0.9742	1.0195	0.0000	0.3094	0.9268	0.6880	0.9052
G232_02227	0.6422	0.0420	0.9503	0.7471	0.6950	0.2435	0.4759	0.8278	1.3437	0.5323	1.2741	0.5570	0.6221	0.8036	1.0146	1.1810	0.0233	1.1250	0.6545	0.6134	0.7574	0.4448	0.2709	0.9856	0.9100	0.7776	0.6528
G232_02228	0.9495	0.2587	0.7554	0.8288	0.5456	0.5609	0.7651	0.7815	1.0932	0.8790	1.4251	1.4211	1.1146	1.1893	1.0994	1.3238	0.1829	0.9525	0.6970	0.4454	0.7123	0.8409	0.4729	0.6115	0.8352	0.8432	1.0779
G232_02229	1.0287	0.4685	0.8360	0.7860	0.7780	0.8522	0.8855	1.0265	0.7864	0.6532	1.3191	0.6974	0.9214	0.9571	1.1023	1.4000	0.8327	0.8239	0.7758	0.9496	0.7910	0.9416	0.5961	0.6331	0.8505	0.8816	0.7688
G232_02230	0.9613	0.2238	0.5954	1.0117	0.8548	0.6130	0.9699	0.8013	0.7670	0.4973	1.3350	0.4518	0.6688	1.2214	1.1725	0.4762	0.0661	1.2377	0.7394	0.8571	0.7974	0.7110	0.2167	0.9712	1.0114	0.8448	0.9956
G232_02231	0.9029	0.2517	0.8992	0.8405	0.8672	0.8261	0.5241	0.9404	0.9301	0.5860	1.3228	0.7588	0.8259	0.7250	1.2778	0.6476	0.1401	0.8028	0.7212	0.7395	0.7871	0.7240	0.1675	0.8489	0.9405	0.7952	0.8751
G232_02232	0.9277	2.2867	0.7809	0.8949	0.8402	1.2478	0.8795	0.9934	0.8330	2.1828	1.1998	0.7018	0.9151	0.8643	1.1667	1.1238	3.1751	0.9190	0.8545	0.7479	0.9097	0.9610	2.4926	0.7842	0.8917	0.7888	0.9619
G232_02233	0.7740	0.0350	1.2124	0.9533	0.8651	0.5130	0.7410	1.0927	0.7903	0.4812	1.3386	0.7325	0.7155	1.0464	1.1930	1.2381	0.0350	0.4912	0.5455	0.7227	0.9200	1.1494	0.1330	0.7842	0.7597	0.5952	0.8167
G232_02234	0.8295	0.0559	1.0296	0.7860	0.8071	0.8913	0.9578	1.4570	0.7282	0.4866	0.8514	0.4605	0.8323	1.0464	1.2339	1.3333	0.0078	0.8838	0.9091	0.5882	0.8697	1.0130	0.0197	1.0432	0.8924	0.8208	0.9229
G232_02235	1.1090	0.4965	0.6613	0.4903	0.4004	0.6870	0.4518	0.5364	0.7049	0.5833	1.2667	0.9079	0.5711	0.5786	1.2719	0.5905	0.1401	1.1215	0.5333	0.4370	0.4103	0.6623	0.1084	0.3597	0.7635	0.8352	1.1125
G232_02236	0.7522	1.5734	0.7460	1.1051	0.5353	0.7478	0.7108	0.7417	1.1184	1.3683	1.1340	1.0614	0.6837	1.3357	0.9649	0.6190	1.2568	1.0563	0.6788	0.4454	0.6813	0.7403	1.2118	0.9856	0.8482	0.9088	0.9097
G232_02237	0.8464	1.3497	0.9758	0.7043	0.8133	1.2957	1.2289	0.8278	0.7981	1.1129	1.1632	0.4342	0.8301	0.8714	0.9386	0.8857	1.2335	0.8398	0.7879	0.9916	1.0026	0.8961	1.2562	1.1079	0.8261	0.5824	0.8547
G232_02238	1.0258	1.2587	1.0806	0.6187	0.5934	1.0130	0.9096	0.6291	0.4874	0.8710	1.2010	0.4868	0.5924	0.9107	0.8070	0.5524	1.0739	0.8592	0.4364	0.7479	0.8787	0.8117	1.0985	0.9281	0.7201	0.7024	0.8353
G232_02239	0.9376	0.9091	1.1089	0.8560	1.3983	0.7391	0.8253	1.7550	1.1049	0.6640	1.7674	0.3947	0.3312	0.6321	0.9386	1.6190	0.6148	0.9049	0.7576	1.1765	1.1110	0.8636	0.5468	1.1223	0.8207	0.6208	0.7458
G232_02240	0.9594	0.1678	0.8145	1.0272	0.8776	0.8739	0.3494	1.1391	1.0408	0.4140	1.2302	0.6096	1.0170	0.8464	0.8480	0.9619	0.0389	0.8926	0.5576	0.5294	0.8632	0.4805	0.1133	1.1942	0.8467	0.9056	0.8441
G232_02241	0.4906	0.7692	0.7755	0.4864	0.6598	0.6391	0.5181	1.3113	0.6893	0.6909	1.2010	0.7018	0.8684	0.7607	1.0848	0.3333	0.3307	0.8996	1.0424	1.1092	0.8374	0.8604	0.6059	0.6547	0.7353	0.5696	0.9672
G232_02242	0.9445	1.2727	0.9583	0.7743	0.8029	0.9609	0.8313	0.9536	0.6641	1.0511	1.4409	0.7018	0.8684	0.7607	1.0088	1.3048	1.1907	0.7306	1.2667	0.8908	0.9394	0.8994	1.2857	0.8921	0.8558	0.7488	0.8866
G232_02243	1.2527	0.0629	0.7083	1.0311	0.9959	0.6217	0.4518	0.8411	0.9437	0.4167	1.3691	1.3114	1.2081	0.8714	1.3216	0.9429	0.0778	0.9225	0.7212	0.7731	1.1394	1.1916	0.0296	0.4460	0.9153	0.9104	1.1461
G232_02244	0.8077	1.3986	0.8024	0.3852	0.5083	0.7913	0.4699	0.9801	0.7709	0.9839	1.3155	0.3728	0.4395	0.8571	1.2339	1.4286	1.5447	0.8891	1.3394	0.4286	0.5200	0.8214	1.2857	0.4748	0.8619	0.8832	1.0655
G232_02245	1.0416	1.3566	0.6909	0.8521	0.8029	0.3913	0.7952	0.8874	0.7379	0.8602	1.5311	0.7807	0.8896	1.0571	1.2573	0.7429	0.9805	0.9771	0.7394	0.5546	0.6129	0.8831	0.9113	0.5324	0.7986	0.8048	0.8636
G232_02246	1.0515	0.5804	0.5995	0.7704	1.3942	0.4391	0.6928	0.8013	0.8680	0.7984	1.2558	0.5088	0.9257	0.7571	1.0789	0.4667	0.2840	0.7148	1.1758	0.7227	0.8297	0.6429	0.3448	0.6547	0.9703	0.8832	0.9424
G232_02247	0.7721	0.8951	0.7110	0.8288	0.8485	0.5000	0.6867	0.6358	1.0155	1.5081	1.4166	0.9825	0.8790	0.9429	1.1754	0.7810	1.3035	0.9278	0.6182	0.5714	0.6323	0.6623	1.4138	0.4532	0.9161	0.9648	0.7405
G232_02248	0.9326	0.0839	0.9073	0.6809	0.8050	1.0696	0.9880	1.2848	0.7223	0.5484	1.3021	0.7544	0.8599	1.1071	1.1842	0.7524	0.0272	0.9542	0.8909	0.5462	0.8671	0.9448	0.0936	0.6906	0.9649	0.7856	0.9557
G232_02249	0.9088	0.8042	0.8871	0.7665	0.8278	0.9826	0.9699	0.8079	0.9437	0.6855	1.7893	0.9123	0.8471	1.4607	1.4006	1.0667	0.8677	0.8785	1.4000	0.3950	0.5523	0.6883	1.0296	0.7194	0.8047	0.9728	0.8335
G232_02250	0.9960	0.1189	0.8522	0.8988	0.6349	0.7609	0.6566	0.5166	1.1456	0.4032	1.9951	0.6184	0.7622	1.1071	0.9825	0.4381	0.0000	1.0493	0.7394	0.8739	0.9161	0.8474	0.1527	0.4820	0.9413	0.6832	0.9291
G232_02251	0.7988	1.5175	0.7419	0.9689	0.8734	1.0217	1.1024	0.7285	0.8835	1.3763	1.4361	0.7061	0.9894	0.8357	1.2193	0.9143	1.8833	0.9754	0.9333	1.0000	1.0206	0.6234	1.8473	0.7986	0.8368	0.7904	1.0177
G232_02252	0.9039	0.0699	0.9032	0.8327	0.6286	0.8000	0.4036	0.7020	0.8117	0.6909	1.5311	1.1842	0.8790	0.9607	1.4211	0.9048	0.0117	0.7500	0.9879	0.9076	0.6852	0.5455	0.0493	0.5827	0.8352	0.7840	0.7777
G232_02253	0.7443	0.1399	0.5914	0.8249	0.6888	0.4174	0.4578	0.6689	1.0000	0.6048	1.3057	0.7412	0.9958	0.5357	0.7251	0.7048	0.0000	0.9701	0.4061	0.6387	0.6594	0.7500	0.0296	0.3309	0.7544	0.6976	0.6864
G232_02254	1.2428	0.3706	0.9892	0.8093	0.8423	0.5348	0.5542	0.7483	0.8854	0.8118	1.3605	0.7325	0.7728	0.7214	1.2456	1.0952	0.1829	0.7782	0.8121	0.7143	0.7510	0.9156	0.3202	1.2014	0.9756	0.7488	0.8565
G232_02255	0.7948	2.2098	0.9180	0.5603	0.9502	1.0870	1.0060	1.1258	0.8369	1.1425	1.3642	0.9825	0.9023	1.2393	1.4561	0.6190	1.6420	0.8979	0.7091	0.3613	0.9961	0.8506	1.2906	0.5108	0.8436	1.0160	0.6997
G232_02256	0.9594	0.0000	1.2513	1.1868	1.4336	0.6000	0.5361	0.5695	1.0641	0.2930	1.2412	1.1404	0.6964	0.8714	0.8333	1.1429	0.0000	0.8046	0.9939	1.6303	0.8090	0.5065	0.1724	0.8201	0.9504	0.9296	0.5607
G232_02257	0.9019	0.7203	1.0591	1.2335	0.9772	0.4609	0.5301	1.2053	0.6136	0.8306	1.0231	0.6053	0.9363	0.8571	0.6637	0.5524	0.3658	0.7324	0.5455	0.7731	0.6568	0.9318	0.4778	0.4604	0.9100	0.6912	0.8769
G232_02258	0.5986	1.2378	0.6384	1.0350	0.7676	0.6217	1.0120	1.0596	0.8641	1.1559	1.4458	0.4211	0.7134	0.9107	1.7544	1.5810	1.4397	1.0405	1.0303	0.5546	0.8735	0.8474	1.3842	0.8561	0.7818	0.8976	0.8477
G232_02259	0.6967	6.6993	0.7392	0.5953	0.9440	1.0783	1.3735	0.4238	1.1262	2.7419	1.1669	0.6798	0.6200	0.5143	1.2047	0.9429	4.3307	0.8292	0.9152	0.5126	0.7755	0.6234	4.6552	0.6187	0.8002	0.5568	0.6696
G232_02260	0.8226	2.6224	0.8575	0.6693	0.6909	1.0913	1.1205	0.6026	0.8854	2.3790	1.4068	0.7412	1.0191	0.8643	0.8626	0.6667	3.9961	1.0493	0.9455	0.8235	0.6955	1.1071	3.2463	0.7842	0.9336	1.0240	1.0257
G232_02261	0.9485	0.4336	0.8454	1.0272	0.9627	1.1174	0.7711	1.2185	0.7534	0.5457	1.1279	1.0965	0.6858	0.7179	1.1959	1.7143	0.1012	0.6144	0.5818	0.4454	1.0090	0.8506	0.2266	1.0360	0.8734	0.6016	0.7963
G232_02262	0.8365	2.3007	0.7298	0.9728	0.8506	1.2696	0.7711	0.7881	0.9806	2.1478	1.4714	0.7018	0.7813	1.0357	0.8801	0.4952	3.1556	1.0739	0.9455	0.9160	0.7432	0.9578	3.1281	0.9209	0.9199	0.9568	0.8778
G232_02263	0.7056	0.8951	1.1317	0.7977	0.4793	1.2043	0.3976	0.5960	0.5903	0.7984	1.4032	0.8596	0.6348	0.5071	1.0175	0.4381	0.5525	0.9137	0.3455	0.5966	0.7148	0.7078	1.0985	0.6475	0.9001	0.8592	0.6546
G232_02264	0.7047	0.2378	0.7648	0.5914	0.7324	0.7435	0.6867	1.2252	0.7204	0.4382	1.1498	0.6447	0.4883	0.7714	0.9942	0.7429	0.1401	0.7271	0.8000	0.9328	0.9161	0.9903	0.1823	0.7050	0.6812	0.6560	0.7316
G232_02265	0.7542	3.8811	0.5847	0.6965	0.6556	0.9609	1.1747	0.7682	1.3107	2.4543	1.7832	1.0351	1.0807	1.0607	1.1667	0.4476	3.6926	1.0599	0.6061	1.1933	0.7355	0.8117	4.2512	1.5540	0.9878	1.0928	0.8769
G232_02266	1.0367	3.4196	0.6841	0.9377	0.7905	1.1174	0.7048	1.0795	0.6175	2.3548	1.0183	0.4254	0.5414	0.8786	1.4561	0.6190	3.3619	0.6391	0.6667	0.7815	0.7277	0.2695	3.6552	0.7986	0.8863	0.8160	0.9575
G232_02267	0.9504	3.2308	1.0000	1.4086	0.8714	1.3826	0.8614	0.9536	0.7728	2.7097	1.2205	0.3728	0.8938	1.1429	1.0936	0.3619	3.7393	0.7870	0.9576	0.9076	0.7974	0.4416	3.1823	0.4964	0.9565	0.7952	0.7706
