GENE	Rstd	SM102	SM104	SM105	SM108	SM109	SM11	SM122	SM13	SM14	SM18	SM24	SM27	SM28	SM29	SM35	SM36	SM42	SM48	SM57	SM66	SM67	SM72	SM74	SM84	SM9	SM91
G232_04710	7.54	0.00	6.67	0.77	3.66	2.00	1.81	0.30	5.67	0.90	0.41	2.21	4.62	2.78	1.34	0.83	0.00	6.76	1.34	0.93	6.66	3.16	0.15	1.28	13.33	4.52	11.74
G232_04711	7.16	0.93	5.78	2.62	3.75	2.05	1.15	1.10	3.87	3.23	10.86	2.11	3.18	3.07	3.30	1.01	1.30	4.76	1.67	1.09	8.42	2.76	0.66	1.68	11.90	4.84	10.39
G232_04712	8.74	0.74	6.05	1.45	3.90	1.17	0.95	1.63	4.23	3.01	11.80	2.06	2.64	2.06	3.87	1.00	2.05	5.23	1.46	0.40	4.36	2.25	0.96	0.61	11.81	4.60	11.06
G232_04713	8.53	0.29	5.95	1.75	4.65	1.72	1.50	1.47	3.55	2.03	9.29	1.25	2.66	2.70	4.31	0.49	1.44	3.74	1.18	0.58	5.83	3.07	0.51	0.56	11.08	4.38	10.38
G232_04714	7.64	2.50	7.05	1.59	4.37	1.56	2.16	1.26	3.79	5.62	10.64	1.57	3.13	2.23	2.74	0.40	5.52	5.91	2.18	1.03	4.97	2.08	4.74	0.44	12.00	5.27	10.40
G232_04715	10.65	0.14	6.57	1.89	3.88	1.67	1.13	1.14	4.39	1.95	10.31	1.26	3.32	2.47	3.39	0.78	0.63	5.22	1.53	1.00	6.43	1.09	0.20	0.56	8.77	5.37	10.14
G232_04716	10.31	1.40	6.64	1.87	4.92	2.02	1.63	1.17	3.59	2.73	9.95	2.45	3.46	2.78	5.57	1.41	3.04	5.74	1.04	0.80	6.47	2.39	1.94	1.20	11.50	3.98	9.58
G232_04717	5.99	0.00	6.86	3.15	3.64	0.94	0.93	3.27	4.27	0.59	0.00	2.62	3.31	2.01	0.00	2.24	0.00	5.09	1.95	1.96	4.27	2.32	0.00	0.70	12.69	4.84	8.07
G232_04718	8.84	4.17	5.81	2.12	3.44	2.51	1.73	1.41	4.47	8.67	11.40	1.76	3.93	2.32	4.19	1.06	10.12	5.23	1.61	1.27	5.70	3.06	6.95	0.91	11.96	4.86	9.18
