GENE	Rstd	SM102	SM104	SM105	SM108	SM109	SM11	SM122	SM13	SM14	SM18	SM24	SM27	SM28	SM29	SM35	SM36	SM42	SM48	SM57	SM66	SM67	SM72	SM74	SM84	SM9	SM91
G232_04710	0.7473	0.0000	0.8965	0.2996	0.7593	0.8696	1.0904	0.1987	1.1010	0.2419	0.0499	0.9693	0.9809	0.9929	0.3918	0.7905	0.0000	1.1901	0.8121	0.7815	0.8594	1.0260	0.0739	0.9209	1.0168	0.7232	1.0399
G232_04711	0.7096	0.6503	0.7769	1.0195	0.7780	0.8913	0.6928	0.7285	0.7515	0.8683	1.3228	0.9254	0.6752	1.0964	0.9649	0.9619	0.5058	0.8380	1.0121	0.9160	1.0865	0.8961	0.3251	1.2086	0.9077	0.7744	0.9203
G232_04712	0.8662	0.5175	0.8132	0.5642	0.8091	0.5087	0.5723	1.0795	0.8214	0.8091	1.4373	0.9035	0.5605	0.7357	1.1316	0.9524	0.7977	0.9208	0.8848	0.3361	0.5626	0.7305	0.4729	0.4388	0.9008	0.7360	0.9796
G232_04713	0.8454	0.2028	0.7997	0.6809	0.9647	0.7478	0.9036	0.9735	0.6893	0.5457	1.1315	0.5482	0.5648	0.9643	1.2602	0.4667	0.5603	0.6585	0.7152	0.4874	0.7523	0.9968	0.2512	0.4029	0.8452	0.7008	0.9194
G232_04714	0.7572	1.7483	0.9476	0.6187	0.9066	0.6783	1.3012	0.8344	0.7359	1.5108	1.2960	0.6886	0.6645	0.7964	0.8012	0.3810	2.1479	1.0405	1.3212	0.8655	0.6413	0.6753	2.3350	0.3165	0.9153	0.8432	0.9212
G232_04715	1.0555	0.0979	0.8831	0.7354	0.8050	0.7261	0.6807	0.7550	0.8524	0.5242	1.2558	0.5526	0.7049	0.8821	0.9912	0.7429	0.2451	0.9190	0.9273	0.8403	0.8297	0.3539	0.0985	0.4029	0.6690	0.8592	0.8981
G232_04716	1.0218	0.9790	0.8925	0.7276	1.0207	0.8783	0.9819	0.7748	0.6971	0.7339	1.2119	1.0746	0.7346	0.9929	1.6287	1.3429	1.1829	1.0106	0.6303	0.6723	0.8348	0.7760	0.9557	0.8633	0.8772	0.6368	0.8485
G232_04717	0.5937	0.0000	0.9220	1.2257	0.7552	0.4087	0.5602	2.1656	0.8291	0.1586	0.0000	1.1491	0.7028	0.7179	0.0000	2.1333	0.0000	0.8961	1.1818	1.6471	0.5510	0.7532	0.0000	0.5036	0.9680	0.7744	0.7148
G232_04718	0.8761	2.9161	0.7809	0.8249	0.7137	1.0913	1.0422	0.9338	0.8680	2.3306	1.3886	0.7719	0.8344	0.8286	1.2251	1.0095	3.9377	0.9208	0.9758	1.0672	0.7355	0.9935	3.4236	0.6547	0.9123	0.7776	0.8131
