GENE	Rstd	SM102	SM104	SM105	SM108	SM109	SM11	SM122	SM13	SM14	SM18	SM24	SM27	SM28	SM29	SM35	SM36	SM42	SM48	SM57	SM66	SM67	SM72	SM74	SM84	SM9	SM91
G232_00758	0.5847	0.6573	0.6317	0.4008	0.6950	0.5435	1.1566	0.8212	0.6990	1.0242	1.4300	0.9123	0.6306	0.6893	1.1199	0.6190	1.1051	0.6215	0.7394	0.8824	1.0439	0.6234	0.8177	0.9209	0.6781	0.6272	0.7228
G232_00759	0.9881	0.3846	0.6734	0.8093	0.6846	0.9739	0.2952	0.6821	0.8971	0.5430	1.4178	0.8596	0.7389	1.0214	1.3012	0.6571	0.3541	0.7412	0.6970	0.6471	0.6568	0.8766	0.3054	0.4532	0.9771	0.6496	0.9593
G232_00760	0.8890	2.8112	0.7513	0.5409	0.6162	0.6391	1.1807	0.6689	0.9165	2.5538	1.5505	0.6930	0.6285	0.4714	0.5936	1.2952	2.3230	0.5704	0.4788	0.7143	0.8787	0.4448	3.3350	1.3309	0.7368	0.9152	0.7422
G232_00761	0.8761	0.3566	0.9785	1.2451	0.7386	0.7913	0.6084	1.1523	0.5845	0.2231	1.2521	0.3553	0.3928	0.7286	1.5205	0.3619	0.0895	0.4930	0.8485	0.5210	1.2374	0.4838	0.2709	0.3741	0.6857	0.4960	0.7768
G232_00762	0.4272	0.6923	0.6142	0.9533	1.2427	0.9565	0.9819	1.8874	0.6621	1.8495	1.1157	0.3991	0.2824	0.7036	0.8947	0.4571	1.4942	0.4613	0.5152	1.2017	0.9277	0.6364	1.2315	0.3309	0.6972	0.6448	0.6351
G232_00763	0.7364	0.3776	0.8602	0.5019	0.6328	0.8522	0.6687	1.0066	0.8427	0.3548	1.3057	0.7851	0.8620	0.9357	0.8333	0.4667	0.2996	0.7377	0.3939	0.8319	0.6103	0.7890	0.2365	0.9424	0.6926	0.9040	0.8432
G232_00764	1.0010	3.1469	0.9651	0.9455	1.3133	1.3783	0.8133	1.2450	0.9689	2.4758	1.1535	0.5921	0.5223	0.8071	1.1111	1.3524	4.1362	0.9965	0.3697	1.5042	0.9123	0.8182	3.4828	0.7626	1.0595	0.5984	0.8574
G232_00765	0.7780	0.1259	0.8078	0.5331	0.8485	1.0609	1.1627	1.3907	0.7883	0.4274	1.2546	0.8596	0.7749	0.8286	0.8099	0.9333	0.2101	0.8415	1.1030	0.4706	0.9497	0.8734	0.1527	0.9281	0.8162	0.7200	0.8450
G232_00766	0.6541	2.0769	0.9194	0.4981	0.6867	1.1652	0.6928	0.3974	0.6835	1.7581	1.1973	0.4956	0.3439	0.6036	1.4532	0.8381	1.7588	0.6285	0.5818	0.3445	0.8413	0.6656	1.9852	1.0791	0.6621	0.7472	0.6705
