GENE	Rstd	SM102	SM104	SM105	SM108	SM109	SM11	SM122	SM13	SM14	SM18	SM24	SM27	SM28	SM29	SM35	SM36	SM42	SM48	SM57	SM66	SM67	SM72	SM74	SM84	SM9	SM91
G232_05665	0.9296	0.1399	0.8804	0.8288	0.7199	0.5913	0.7048	0.8609	0.6913	0.5054	1.3289	0.7763	0.7197	0.7750	1.0292	0.7905	0.1323	0.9190	0.9152	0.8487	0.7729	0.9935	0.1330	0.6043	0.9069	0.7488	0.8911
G232_05666	1.0833	1.6154	1.0013	0.4591	0.8029	1.4304	0.8554	0.5430	0.8427	1.5349	1.6017	1.3553	1.0552	0.8714	1.6257	1.1048	2.1556	1.3415	1.1273	0.8151	0.9484	0.7760	1.3645	0.7338	0.9314	1.2160	0.9539
G232_05667	1.0971	0.6993	0.7366	0.7471	0.8174	0.6304	0.8253	1.0861	0.8330	0.9032	1.3094	0.7763	0.9236	1.0964	0.9474	0.9905	0.6693	0.8592	1.0182	0.5210	0.6800	0.8831	0.6995	0.6906	0.9786	0.8528	0.8928
G232_05668	1.0684	0.1259	0.9731	0.6887	1.0436	0.6391	0.2651	0.4437	0.7806	0.3602	1.2862	0.8202	0.9151	1.1250	0.8684	0.5714	0.0000	0.9296	0.7636	0.3445	1.0658	0.9448	0.0000	0.9496	0.7796	0.7488	0.9327
G232_05669	0.6729	0.8531	0.6935	0.5486	0.6494	0.7652	0.5060	0.9073	1.0427	0.8199	1.6200	0.9167	0.8323	1.1286	1.1754	0.5714	1.0195	1.2570	0.5879	0.8908	0.6477	0.9578	0.8374	0.6691	1.0229	1.0192	0.8521
G232_05670	0.8583	7.1189	0.5901	0.8521	0.5124	0.9739	2.0964	1.2517	0.7476	4.9005	1.1803	1.0877	1.0064	0.2464	1.2018	1.2476	6.9300	0.8134	1.4970	1.3697	0.8374	0.6006	7.9803	0.9928	0.9184	0.9760	0.9256
G232_05671	1.1863	0.0769	1.0390	0.8833	0.8817	0.7565	0.6988	1.1126	0.7650	0.2097	1.2911	0.5614	0.6709	0.8571	1.1637	0.9714	0.0428	0.7359	1.1576	0.5126	0.8981	1.0390	0.1330	0.5971	0.8520	0.7008	1.0062
G232_05672	0.7037	0.7343	0.9328	1.0195	0.7739	0.9000	0.8976	0.7616	0.9146	0.9543	1.0609	0.9342	0.7537	0.6607	1.0146	0.6952	1.0000	1.0088	0.5152	0.4874	0.7471	0.5292	1.5172	0.5252	0.9161	0.7632	0.7405
G232_05673	0.6353	0.0839	0.7392	0.7237	0.7676	0.9043	0.5783	1.0927	0.6971	0.6129	1.2765	0.6842	1.1338	0.8321	0.9971	0.5714	0.0195	0.9754	0.5515	0.6050	0.6103	0.8084	0.0690	0.8777	0.6270	0.8336	0.8654
G232_05674	0.8860	1.3217	0.8817	0.6342	0.9149	1.1217	0.9036	0.5960	0.7612	0.7742	1.1839	0.8377	0.6645	0.7679	1.0234	0.8571	1.1556	0.6866	0.9818	1.1429	1.1652	0.7792	1.4483	1.2662	0.8162	0.8640	0.8175
G232_05675	1.1665	0.3217	0.8374	0.9027	0.6888	0.6217	0.3735	1.0530	0.9553	0.6586	1.3264	0.8947	0.8195	0.6964	1.0789	1.0667	0.0778	0.7694	1.1576	0.5126	0.5703	0.9610	0.1675	0.4676	0.9725	0.7360	0.9150
G232_05676	0.7661	0.7972	1.1882	0.6887	0.7884	0.6522	0.4398	0.8609	0.6369	0.4409	1.0572	0.6447	0.7728	0.7000	0.7076	0.7048	1.7899	0.7077	0.8727	0.5126	0.7019	0.7403	1.3005	0.5683	0.7933	0.4352	0.8831
G232_05677	0.6898	1.1119	0.6465	1.7160	0.6784	0.9000	1.2831	1.3377	0.5437	1.5565	1.4166	1.0219	0.6688	0.6750	1.2193	0.1429	1.0739	1.1180	0.8727	1.4034	0.7510	1.0325	1.3202	0.2014	0.8703	1.0736	1.0974
G232_05678	1.0347	0.0420	0.9677	0.5525	1.0456	0.3174	0.5361	0.8278	0.6194	0.4167	1.0037	0.5921	0.6327	0.5750	0.7778	0.8000	0.0000	0.7183	0.7697	1.0924	0.7394	0.6688	0.1133	0.8561	0.8963	0.7552	0.8698
G232_05679	0.9286	0.0769	0.7204	0.5564	0.7593	0.1739	0.4940	0.6424	0.5398	0.8091	1.1644	0.7456	0.7113	0.8929	0.8743	0.5905	0.0428	0.7535	0.8909	0.9412	0.4206	0.9545	0.0148	0.3957	1.0572	0.8592	0.9761
G232_05680	0.7869	0.9301	0.8737	0.7743	0.9585	0.5696	1.0482	0.9868	0.7204	1.0403	1.1961	0.5439	0.6136	1.0179	0.8538	0.8476	0.4786	0.7817	0.9697	0.7227	0.7600	0.7435	0.5813	0.6691	0.7613	0.7472	0.8468
G232_05681	0.8563	0.2448	0.8159	0.9027	0.8112	0.7913	0.6867	0.9139	0.7883	0.4651	1.2814	0.7149	0.7495	1.0250	1.0614	0.8000	0.2763	0.8627	0.8485	0.6975	0.6529	0.9351	0.3695	0.5396	0.8986	0.7760	0.8441
G232_05682	1.0773	0.0490	0.9032	0.9416	0.7469	0.7000	0.2831	0.4636	0.8990	0.2903	1.0877	0.6798	0.8132	0.8679	0.9503	0.8667	0.1089	0.8099	0.7394	0.4958	0.7084	0.7727	0.1133	0.6906	0.7918	0.6624	0.7839
G232_05683	0.8979	0.1608	0.9194	0.6265	0.8921	0.7826	0.6566	0.7483	0.8214	0.6290	1.2351	0.9781	0.7325	0.9393	1.1959	0.5810	0.1051	0.8592	0.9152	0.8571	0.9510	0.6916	0.1921	0.6835	0.8383	0.7824	0.8512
G232_05684	0.9802	0.4126	0.7513	0.8949	0.7303	0.8130	1.0000	0.8411	0.8796	0.5780	1.4348	0.6974	0.7707	0.8893	1.3860	0.8190	0.3074	0.8504	0.6364	1.1008	0.9574	0.8052	0.2266	0.9640	0.9222	0.7376	0.9043
G232_05685	0.8394	0.0000	0.8616	0.7704	0.8112	0.9565	0.5181	1.1325	0.6019	0.3898	0.6224	0.3596	0.4883	0.6214	0.2632	0.9905	0.0545	0.6320	1.2424	1.5462	0.8503	0.7370	0.0000	0.8058	0.8802	0.6288	0.6041
G232_05686	0.7284	6.5385	0.8790	0.5486	0.8506	0.7913	1.8434	3.6887	0.6602	2.4059	0.7552	0.5175	0.4246	0.4357	0.8860	0.7238	4.4086	0.5968	1.0788	1.4790	0.8258	0.6169	4.4286	0.8345	0.6224	0.3216	0.5740
