GENE	Rstd	SM102	SM104	SM105	SM108	SM109	SM11	SM122	SM13	SM14	SM18	SM24	SM27	SM28	SM29	SM35	SM36	SM42	SM48	SM57	SM66	SM67	SM72	SM74	SM84	SM9	SM91
G232_10140	1.0535	0.1608	0.7083	0.6965	0.6266	0.4130	0.5602	1.4570	0.7320	0.4731	1.1401	0.8465	0.8408	0.8107	0.7427	0.6381	0.0117	1.1232	0.5394	0.8571	0.6503	0.4156	0.1133	0.6475	0.8924	0.8672	0.8459
G232_10141	0.6402	2.6713	0.7379	0.6265	0.7324	0.9739	1.0060	1.3841	0.7437	1.9839	1.1888	0.3289	0.8004	0.6679	1.2573	1.2381	2.3152	1.0704	0.8061	1.0000	0.5665	0.6753	2.2365	0.5324	0.9603	0.5392	0.7910
G232_10142	0.6065	0.6294	0.6815	0.8638	0.7075	0.6435	0.2530	0.5232	0.6951	0.6909	1.3447	0.8333	0.8408	0.4357	1.2281	0.1714	0.5292	0.8820	1.0848	0.3697	0.6774	0.8409	0.9507	1.4101	0.8200	0.7072	1.0071
G232_10143	0.6967	0.3566	0.5685	0.5097	0.8257	0.5130	0.6807	0.6689	0.7165	0.6344	1.2241	0.6140	0.4756	0.5929	1.0789	0.9333	0.4747	0.7518	0.5273	0.4202	0.7019	0.7175	0.4828	0.6619	0.6979	0.6720	0.6501
G232_10144	0.7582	0.6154	0.6868	0.8833	0.8444	0.6783	0.9518	0.5960	0.8117	1.1290	1.5652	1.1404	0.7516	1.0929	1.2105	1.1238	0.9805	0.9771	0.7212	1.0336	0.6852	0.8312	0.7389	1.0863	0.7864	0.8592	0.8919
G232_10145	0.7651	0.6993	1.0618	0.9922	0.8693	0.4652	0.7892	0.6225	0.8039	0.6909	1.2022	0.6404	0.6645	0.5821	0.2164	0.6571	0.6537	0.8222	0.4727	0.8739	0.5626	0.6104	0.7833	0.8633	0.8825	0.8912	0.8246
G232_10146	0.8246	1.9510	0.8669	0.8054	0.6826	1.0000	0.9880	1.0464	0.9262	1.2016	1.5274	0.6404	0.8577	0.9250	0.9591	1.4095	1.9105	0.9560	1.0485	1.0420	0.8155	0.7338	2.4384	0.8561	0.8574	0.7616	0.8477
G232_10147	0.4272	0.5035	0.3253	0.1595	0.3734	0.3609	0.2289	0.6291	0.3553	0.4194	0.7150	0.6623	0.6518	0.4179	0.6871	0.1619	0.6693	0.5070	0.4121	0.2101	0.1690	0.3701	0.7143	0.4460	0.4127	0.2960	0.4880
G232_10148	0.1635	0.1119	0.4032	0.2374	0.4253	0.1087	0.3916	0.4238	0.4000	0.1774	0.6139	0.5439	0.2102	0.4929	0.3012	0.2286	0.0895	0.4771	0.3939	0.5042	0.3703	0.3344	0.1034	0.1367	0.3562	0.5168	0.3924
