GENE	Rstd	SM102	SM104	SM105	SM108	SM109	SM11	SM122	SM13	SM14	SM18	SM24	SM27	SM28	SM29	SM35	SM36	SM42	SM48	SM57	SM66	SM67	SM72	SM74	SM84	SM9	SM91
G232_10466	0.8712	0.0140	0.9247	0.9883	0.8444	0.7913	0.4277	0.6755	0.9146	0.4785	1.5579	1.0219	1.0955	0.8179	1.1696	1.2762	0.0895	0.8891	1.0485	0.5294	1.0413	0.8994	0.0788	0.7698	0.8993	0.9600	0.9212
G232_10467	0.8583	0.0839	0.9194	0.6887	1.2967	1.0043	0.4639	0.5099	0.8272	0.2446	1.2850	1.0965	0.6730	0.6321	1.1257	0.6190	0.0000	0.5986	0.4606	0.5462	0.7974	0.6981	0.0000	0.5468	0.8024	0.7728	0.9114
G232_10468	0.8712	0.4056	0.9785	1.0817	0.7095	0.7652	0.6446	0.7285	0.9942	0.3629	1.2302	0.5175	0.8854	0.6786	1.2515	0.5524	0.2218	0.7518	0.6424	0.9160	0.8968	1.2240	0.3251	0.4245	0.9382	0.8192	0.9531
G232_10469	0.8860	0.7552	0.9167	0.6965	0.8154	0.7957	0.5964	0.5232	0.7922	0.9624	1.3350	0.7237	0.7962	0.6964	1.1608	0.9238	0.7393	0.9278	0.9091	1.1176	0.7677	0.8864	0.7389	0.8561	0.8703	0.7840	0.9885
G232_10470	0.6442	0.8322	1.1747	0.6965	1.1867	0.9391	0.9036	1.2053	0.8718	0.5780	1.1437	0.5439	0.7006	0.5750	1.5322	1.3619	0.5798	0.7993	0.9939	1.6303	0.7148	0.7630	0.4532	1.0647	0.9344	0.7184	0.5846
G232_10471	1.1219	2.4266	0.7809	0.9767	0.8589	1.2478	1.3675	1.1391	1.3320	2.8038	2.1060	1.0877	0.8174	1.1250	0.8626	0.9143	3.9650	1.2201	1.0788	0.6639	1.0542	0.9383	3.5222	0.8345	0.8749	0.9376	1.0921
G232_10472	0.6165	2.1608	1.0202	0.4864	0.9564	0.6217	1.0241	0.4503	0.8427	0.9919	1.8051	0.5351	0.7473	0.9821	0.9825	1.1048	0.9767	1.0968	1.2303	0.4118	0.9213	0.6169	1.7192	1.0719	0.6949	1.0560	1.0337
G232_10473	0.9901	0.5105	0.8145	0.9066	0.7261	0.7870	0.8072	1.2980	0.5825	0.6989	1.6066	0.6228	0.7558	0.8429	1.2456	0.7429	0.8560	0.6655	0.7697	1.3361	0.8981	0.9708	0.5222	0.9712	0.8978	0.5744	0.7706
G232_10474	0.8147	2.7972	0.6196	0.8288	0.6079	0.9391	0.5783	1.1788	0.9165	2.1559	1.0244	0.7939	1.2038	1.2786	1.4357	1.3143	3.5447	1.0493	1.0424	0.9748	0.8994	0.9416	2.9754	0.4532	0.8909	0.9376	0.8831
G232_10475	0.9395	0.6573	0.8481	0.7471	0.6971	0.7087	0.5843	1.0728	0.5825	0.5618	1.1523	0.4561	0.6858	0.7893	1.1228	0.5524	0.4475	0.6567	0.5758	0.6555	0.6439	0.8312	0.4680	0.6259	0.7582	0.4784	0.9327
G232_10476	0.8781	1.9510	0.9086	0.6187	0.8527	0.8957	0.4337	0.9338	0.8097	1.7823	1.1790	0.6316	0.7389	0.4643	1.0292	1.5238	1.4163	0.7835	1.0242	0.3613	0.6916	0.9383	1.9901	0.2878	1.0076	0.9760	0.7901
G232_10477	0.9762	0.9720	1.1828	0.5525	0.7490	0.8565	1.0060	0.8212	0.6796	0.8065	1.3423	0.6974	0.6985	0.8857	1.2953	0.3238	1.7198	0.9489	0.9394	1.1513	0.9123	0.6753	1.1084	0.5683	0.6804	0.7040	1.0133
G232_10478	1.1060	2.3077	0.7930	0.9105	0.7427	1.0043	1.5060	0.8013	0.7049	2.2446	1.2351	0.5044	0.7516	0.9643	0.8684	0.6000	2.7432	0.9613	0.7333	1.1429	0.9729	0.8896	2.2956	0.3309	1.0595	1.0496	0.8565
G232_10479	1.0634	1.6364	0.9140	0.7121	0.8299	1.1739	0.8253	0.5364	0.7320	1.5081	1.4068	0.8947	0.8450	0.6893	1.5556	0.5619	2.2685	0.9947	0.5515	0.9496	0.6426	1.1006	2.4236	0.8777	0.8604	0.8912	0.8503
G232_10480	0.8385	0.4825	0.8710	0.6809	0.9585	0.7435	0.7169	0.7152	0.8583	1.1129	1.2923	0.8158	0.9108	0.7393	1.0965	0.6190	0.8171	0.8275	0.6121	0.7563	0.8671	0.9448	0.6700	0.7770	0.7735	0.7760	0.9256
G232_10481	0.7175	0.1608	0.8911	0.9844	0.9772	0.8261	0.8373	1.4371	0.8796	0.6102	1.2205	0.5789	0.9278	1.0000	1.3099	0.9143	0.2257	1.0511	0.5576	0.7815	0.9148	0.8117	0.3498	0.5755	0.8627	1.0032	0.8964
G232_10482	0.7265	2.1538	0.8011	0.7160	0.8776	1.0913	1.0000	1.0662	0.5806	2.0215	1.1961	0.4254	0.7537	0.8250	1.0702	0.8381	2.0506	0.8275	0.7394	0.8403	0.9200	0.9708	1.8079	0.6691	0.8314	0.7888	0.6360
G232_10483	0.7602	0.6643	0.7715	0.7899	0.6743	0.9739	0.5843	0.7748	0.7553	0.6694	1.4434	0.8026	0.7473	0.9321	1.3567	0.9429	0.7860	1.0299	1.0606	0.6555	0.7716	0.9383	0.8621	0.6906	0.8749	0.6736	0.8671
G232_10484	0.8791	0.7762	0.7796	0.6732	0.7739	0.6870	0.7651	0.8874	0.9029	1.1075	1.5335	0.7456	0.8174	0.9857	1.2018	0.8190	0.8794	0.8310	0.8909	0.7059	0.7935	0.7825	0.8128	0.4892	0.9146	0.7856	0.9477
G232_10485	0.6591	5.3357	0.7702	0.6226	0.7967	1.6174	0.4518	0.7881	1.0913	2.4409	1.5030	1.0000	1.2527	0.9643	1.1199	0.3714	4.1907	1.0141	1.2545	0.7731	0.6232	0.8117	3.6108	0.5899	0.9214	0.9536	0.7449
G232_10486	0.8543	1.2308	0.7298	0.6615	0.6286	0.9696	0.8735	0.6093	1.2330	1.1237	1.3581	0.8816	0.9682	0.9643	1.2339	0.8762	1.1128	0.8011	0.4848	0.8992	0.8400	0.8571	1.3153	0.7770	0.8848	0.9488	0.9982
G232_10487	0.8959	0.1259	1.0255	1.4358	1.2054	0.6391	0.8494	0.7152	1.2524	0.1962	0.0000	1.1096	1.2463	1.3786	0.1140	0.7238	0.0000	1.4824	1.2606	0.8824	0.8981	1.1688	0.0148	1.2302	1.6873	1.0320	1.2312
G232_10488	0.6482	0.1329	0.4220	0.7743	0.7759	0.3565	0.4639	0.5232	0.6951	0.0699	0.0000	0.6140	0.4777	0.6643	0.0000	0.1238	0.0000	0.4243	0.8545	0.4286	0.4452	0.7013	0.0640	0.0072	0.6911	0.1856	0.5562
