GENE	Rstd	SM102	SM104	SM105	SM108	SM109	SM11	SM122	SM13	SM14	SM18	SM24	SM27	SM28	SM29	SM35	SM36	SM42	SM48	SM57	SM66	SM67	SM72	SM74	SM84	SM9	SM91
G232_10624	5.71	0.46	5.16	1.04	1.32	1.25	0.33	0.69	2.10	1.32	6.57	1.86	1.82	0.64	1.76	0.21	0.00	4.04	0.00	0.42	5.01	1.35	0.00	0.57	5.05	1.18	6.25
G232_10625	7.01	1.49	5.48	1.63	4.24	2.58	1.08	1.17	4.39	5.32	11.11	1.99	3.08	2.84	4.64	1.70	2.97	6.24	1.45	1.46	7.57	1.99	3.18	1.25	12.04	4.60	11.08
G232_10626	7.89	2.64	9.82	0.91	5.58	1.54	2.72	1.67	5.72	5.02	14.90	1.25	5.50	3.00	5.03	1.10	2.62	6.06	1.34	1.30	9.16	1.61	3.49	1.84	8.81	5.94	9.50
G232_10627	6.40	2.18	4.34	2.45	3.74	1.74	1.20	0.34	4.10	7.15	10.50	1.80	3.17	2.43	3.32	0.57	4.83	5.98	1.69	1.31	4.32	1.50	3.17	0.90	10.45	4.59	8.74
G232_10628	7.73	0.10	5.96	2.51	3.07	1.42	0.81	1.41	4.91	0.66	0.04	1.96	4.41	1.78	0.17	1.18	0.00	4.48	1.71	0.80	8.24	3.60	0.10	0.26	11.29	4.52	7.67
G232_10629	8.75	0.34	6.47	1.89	3.44	1.46	1.14	1.31	4.23	2.29	10.57	1.59	3.26	2.34	4.29	0.54	0.76	3.70	1.59	1.01	6.01	3.02	0.51	0.80	10.80	4.67	9.32
G232_10630	7.73	0.15	4.84	2.04	3.42	2.24	1.28	1.18	4.33	1.73	11.61	1.44	3.07	2.13	5.86	0.93	0.00	4.77	1.21	0.82	5.74	3.61	0.20	0.66	13.05	3.99	10.98
G232_10631	9.40	0.31	6.71	2.38	5.08	2.01	1.48	1.30	5.43	1.59	9.01	1.91	3.36	2.50	3.73	1.13	0.17	4.27	1.09	0.73	7.78	2.65	0.11	1.49	11.67	5.29	9.01
G232_10632	9.28	2.93	6.80	1.07	3.45	1.89	0.97	1.86	3.99	6.77	10.99	2.06	3.85	2.28	4.33	1.03	4.33	4.85	1.06	1.28	4.88	3.11	3.25	1.12	11.56	5.44	8.94
