GENE	Rstd	SM102	SM104	SM105	SM108	SM109	SM11	SM122	SM13	SM14	SM18	SM24	SM27	SM28	SM29	SM35	SM36	SM42	SM48	SM57	SM66	SM67	SM72	SM74	SM84	SM9	SM91
G232_04720	6.84	0.21	5.66	1.20	5.19	1.72	1.41	1.08	3.04	1.45	11.11	0.91	1.77	1.08	4.70	1.42	0.01	4.00	0.36	0.53	4.12	3.79	0.05	1.29	7.80	1.80	4.76
G232_04721	6.50	3.45	5.66	2.66	4.04	1.38	1.32	1.26	3.67	4.21	7.83	1.25	2.94	0.93	3.62	1.07	5.93	3.38	1.57	0.97	3.41	1.93	3.23	0.50	7.85	4.70	6.86
G232_04722	11.42	0.00	6.45	2.05	3.80	0.61	0.21	0.21	3.31	3.18	7.44	0.38	1.73	2.82	2.61	0.65	0.00	3.09	0.81	0.63	4.27	1.44	0.00	1.20	10.63	5.33	8.16
G232_04723	7.88	0.37	5.59	0.92	2.94	1.64	0.69	0.88	3.37	2.62	11.23	1.90	2.79	2.02	3.01	0.57	0.60	4.09	1.30	0.53	4.67	1.80	0.47	0.27	8.97	3.20	8.17
G232_04724	10.30	1.05	5.47	1.86	3.40	1.60	1.34	1.55	4.39	3.88	12.23	2.26	3.45	2.67	4.16	0.93	2.51	5.91	0.95	1.16	6.04	2.70	1.96	0.62	12.91	5.81	9.69
G232_04725	8.54	1.26	6.76	1.20	4.35	1.25	0.71	0.57	1.73	2.00	9.14	1.90	3.37	1.65	5.33	0.50	0.28	4.90	1.17	0.54	4.56	2.41	1.15	0.49	8.80	4.05	8.74
G232_04726	9.65	0.36	5.41	1.71	3.79	1.32	1.47	1.68	3.37	2.93	9.81	1.66	3.19	2.59	4.56	1.10	0.65	4.37	0.81	0.74	6.16	3.26	1.03	1.44	10.39	4.57	8.55
G232_04727	9.84	0.37	6.24	2.33	3.04	2.59	0.83	1.50	3.03	1.55	9.03	1.68	3.26	1.50	3.31	1.09	0.38	3.25	0.98	1.08	4.34	2.59	0.43	0.75	8.34	5.22	10.93
G232_04728	8.11	0.00	4.73	1.28	3.88	1.57	1.26	0.84	2.61	0.55	0.08	1.53	2.44	1.93	3.22	0.39	0.00	5.26	1.14	0.68	5.58	1.99	0.00	0.09	9.42	5.10	8.96
