GENE	Rstd	SM102	SM104	SM105	SM108	SM109	SM11	SM122	SM13	SM14	SM18	SM24	SM27	SM28	SM29	SM35	SM36	SM42	SM48	SM57	SM66	SM67	SM72	SM74	SM84	SM9	SM91
G232_02367	9.09	1.12	6.97	2.77	3.84	1.69	1.44	1.54	4.20	3.48	9.60	1.96	3.70	2.90	3.79	0.91	1.94	4.01	1.30	0.91	7.33	1.98	1.19	1.02	10.99	6.05	7.97
G232_02368	8.68	1.41	4.90	2.01	4.41	2.13	0.77	0.91	4.56	3.35	9.67	1.68	4.20	2.25	3.86	0.63	2.92	4.54	1.51	0.85	5.85	2.86	2.11	1.00	12.48	6.02	8.75
G232_02369	8.35	2.82	7.95	1.83	4.06	3.56	1.76	1.41	4.17	8.25	9.07	2.26	4.02	2.56	3.61	0.87	6.98	5.23	1.29	1.37	7.63	2.09	5.76	1.24	12.66	6.87	9.34
G232_02370	7.80	1.98	6.56	2.80	3.68	2.08	1.89	1.26	5.01	7.13	12.54	2.20	3.97	1.96	5.81	0.99	5.75	5.24	1.54	0.90	6.32	2.23	4.37	1.26	11.07	4.84	9.91
G232_02371	10.20	0.00	6.29	3.16	4.03	2.13	1.58	1.38	3.50	0.85	1.15	1.77	3.55	2.28	0.33	1.16	0.02	3.52	1.06	0.85	7.63	2.71	0.05	1.21	11.74	6.20	10.09
G232_02372	7.72	0.65	6.48	1.30	4.58	1.81	1.31	0.90	4.41	2.10	11.05	1.81	4.13	2.81	3.74	0.88	0.96	5.14	1.18	0.69	6.40	2.81	0.82	1.15	11.94	5.27	8.55
G232_02373	5.76	0.48	7.17	2.28	3.49	1.73	1.78	1.93	3.92	1.78	9.38	1.74	4.21	2.36	2.48	0.39	0.03	3.19	1.67	0.64	4.92	2.17	0.13	0.98	9.06	4.54	7.56
G232_02374	5.41	1.14	6.61	1.23	4.59	1.89	1.12	1.49	3.43	2.28	3.92	1.55	2.70	1.49	1.61	0.47	0.67	3.82	1.03	1.40	5.72	2.46	1.20	1.05	11.10	4.57	7.77
G232_02375	6.39	4.16	4.80	2.26	3.03	2.98	2.31	1.44	3.28	9.73	10.58	0.92	3.68	1.98	3.66	0.55	10.38	4.68	2.56	0.96	5.48	2.40	5.51	1.86	9.31	5.17	10.02
