GENE	Rstd	SM102	SM104	SM105	SM108	SM109	SM11	SM122	SM13	SM14	SM18	SM24	SM27	SM28	SM29	SM35	SM36	SM42	SM48	SM57	SM66	SM67	SM72	SM74	SM84	SM9	SM91
G232_02376	0.7929	0.6434	0.7984	0.6459	0.9108	0.9435	0.8133	1.3311	0.8155	1.0296	1.0073	0.7149	0.7537	0.8821	0.9211	0.7810	1.1868	0.8116	0.6121	0.9076	0.9948	0.8019	0.9310	0.6043	0.7376	0.4800	0.7741
G232_02377	0.6016	0.8182	0.6317	0.7082	0.7365	0.6174	0.8916	0.6623	0.5981	0.8414	1.1571	0.7763	1.0616	0.9036	1.3918	1.0095	1.1556	0.9155	0.9515	0.7059	0.6955	0.6721	0.8916	0.6043	0.8871	0.8064	0.7724
G232_02378	0.7641	1.3217	0.7675	0.7043	0.8693	0.9130	1.0301	0.8675	0.7767	1.1774	1.0073	0.6579	0.7304	0.9000	0.9386	0.8952	1.5603	0.6320	0.6545	0.8403	0.7097	0.6461	1.6897	0.7482	0.8024	0.6592	0.7759
G232_02379	0.7047	0.9860	1.0672	0.7860	0.7967	1.2304	1.0783	1.1060	0.7379	1.6237	1.2716	0.8553	0.8790	0.7821	1.3187	0.3429	1.0623	0.9401	0.4424	1.2941	0.9510	0.5227	1.4187	0.6978	1.0572	0.9744	0.8999
G232_02380	0.8840	4.1469	0.7903	0.7043	1.0290	1.2087	1.1988	1.4901	0.6854	3.2500	1.4446	0.4781	0.9363	1.0429	1.4211	0.2857	4.9611	1.0458	1.0667	0.4202	0.6065	0.6591	4.3350	0.4604	0.8993	0.5968	0.9787
G232_02381	0.5154	0.7203	0.6573	0.5253	1.0456	0.8435	0.9940	0.7881	0.7612	0.8737	1.1985	0.7763	0.6561	0.8107	0.8392	0.9429	1.2646	0.6796	1.0121	1.0336	0.8090	0.9221	1.3596	0.8993	0.6606	0.7264	0.6501
G232_02382	0.9088	4.8042	0.8548	0.5136	1.0124	1.3826	1.6867	1.0993	0.7961	3.0995	1.2826	0.7982	1.0000	0.9964	1.1959	0.8476	5.1128	1.0370	1.3939	0.7311	0.8865	0.7662	5.3350	0.6691	0.6072	0.7904	0.9345
G232_02383	0.6531	3.6853	0.7151	0.5370	0.5581	1.3130	0.8253	0.4967	0.7301	2.9462	0.9635	0.3772	0.5902	0.6250	1.0380	1.4952	4.1556	1.1109	1.4727	1.1849	0.8503	0.7013	3.8916	0.5971	1.0031	0.7472	0.8928
G232_02384	0.8097	2.1469	0.6371	0.5603	0.7863	1.0957	0.9518	0.9404	0.9515	1.6909	1.3094	0.9211	0.7389	0.6214	1.3918	0.5905	2.2490	0.9560	1.1091	0.7731	0.6839	0.7175	2.8079	1.0576	0.8002	0.7776	0.9495
