GENE	Rstd	SM102	SM104	SM105	SM108	SM109	SM11	SM122	SM13	SM14	SM18	SM24	SM27	SM28	SM29	SM35	SM36	SM42	SM48	SM57	SM66	SM67	SM72	SM74	SM84	SM9	SM91
G232_03315	10.14	1.55	5.53	1.94	3.99	1.95	1.17	0.93	4.09	5.57	12.18	1.98	4.18	2.68	3.76	0.65	3.49	6.89	1.23	0.83	4.52	2.35	2.44	0.55	10.97	4.80	10.12
G232_03316	12.87	1.34	6.70	1.66	4.14	1.85	1.47	1.64	4.70	3.82	11.98	1.48	3.48	2.74	3.68	0.88	2.16	5.34	0.94	1.28	6.66	1.82	1.52	1.03	12.01	5.09	10.40
G232_03317	7.91	0.20	5.72	2.14	4.29	1.96	1.96	1.01	4.58	2.14	10.80	1.92	4.15	1.84	4.17	1.06	0.21	4.77	1.74	0.81	8.47	3.85	0.16	1.32	10.23	5.60	9.53
G232_03318	10.65	0.10	6.93	1.49	3.89	1.74	1.73	1.63	5.08	2.78	14.76	2.51	4.34	3.75	3.47	1.43	0.10	5.52	2.38	1.10	8.83	1.81	0.10	1.37	10.73	6.46	8.65
G232_03319	8.81	1.84	6.41	1.96	3.86	2.20	1.48	1.62	4.01	4.46	11.00	1.55	3.99	2.65	3.90	0.95	3.53	4.35	1.03	1.08	7.01	2.93	2.63	0.88	11.43	4.56	9.61
G232_03320	6.71	0.22	5.74	2.84	4.69	1.58	1.55	2.74	4.11	1.51	10.04	1.38	4.60	2.11	2.62	0.60	0.00	4.34	2.40	0.63	7.88	4.15	0.19	1.18	14.72	5.22	9.98
G232_03321	10.89	0.96	5.81	1.64	3.56	2.45	1.97	1.77	4.96	2.63	14.07	2.29	4.41	2.45	4.95	0.67	3.42	4.46	0.37	1.73	6.45	2.24	1.65	0.63	11.58	5.70	9.56
G232_03322	8.99	1.44	6.29	2.10	2.72	1.22	1.78	1.51	5.83	5.33	13.91	2.01	5.32	3.66	4.80	0.80	4.51	5.21	1.47	0.50	5.57	1.86	3.57	0.95	11.26	6.47	11.20
G232_03323	8.03	1.48	4.79	2.03	3.83	1.91	1.71	1.04	4.03	2.54	9.99	2.16	3.14	2.59	3.82	0.93	2.44	3.95	1.59	0.77	6.56	2.34	1.91	1.46	10.71	4.36	8.71
G232_03324	8.09	2.07	7.27	2.03	3.28	1.61	1.55	1.16	4.01	4.76	9.67	1.31	3.70	2.05	3.82	0.76	3.48	4.28	1.09	0.92	6.04	2.42	2.98	0.96	12.86	5.58	9.37
G232_03325	9.66	2.44	9.16	1.26	5.76	2.02	0.89	2.22	5.39	4.61	10.07	1.79	4.21	2.62	3.57	0.40	3.57	4.64	0.94	1.41	5.21	2.11	3.93	1.97	10.81	6.60	12.47
G232_03326	7.46	0.63	7.73	1.56	3.60	1.51	1.12	1.10	4.38	2.83	9.96	1.86	3.10	2.41	3.52	0.71	1.29	4.32	1.76	0.98	6.25	2.49	1.13	0.70	10.64	5.30	9.82
G232_03327	9.58	0.73	8.97	1.38	4.25	1.85	0.55	1.27	5.69	2.35	8.12	1.50	3.91	2.58	4.01	1.06	1.63	5.31	0.97	1.55	7.83	2.63	1.26	0.95	10.82	5.15	8.68
G232_03328	10.86	3.01	5.55	2.23	3.37	2.71	1.56	0.94	3.49	8.96	10.89	1.94	4.19	2.53	5.53	0.90	6.89	5.55	1.50	0.72	4.99	2.93	5.86	0.61	11.92	4.87	10.13
G232_03329	9.58	3.29	6.65	1.15	4.71	1.90	1.08	1.05	3.65	3.57	13.47	1.34	4.77	2.70	5.78	0.67	6.26	5.06	2.49	1.29	8.01	1.93	4.27	0.76	11.99	5.92	9.58
G232_03330	7.46	1.39	7.17	0.94	4.02	0.82	1.13	1.44	3.74	4.47	9.29	1.23	2.54	2.68	3.40	0.21	2.64	2.93	1.61	0.71	6.62	1.94	2.30	1.37	9.70	4.75	9.63
G232_03331	8.01	0.30	6.21	2.04	4.23	1.53	1.64	1.09	4.59	1.82	11.26	1.48	4.43	2.55	4.68	0.72	0.57	4.15	1.25	1.40	5.72	2.79	0.38	1.20	13.01	5.50	9.96
G232_03332	8.16	1.05	6.05	1.90	3.93	1.67	1.17	1.31	3.65	2.22	9.83	1.79	3.58	2.53	3.95	0.76	1.39	4.41	2.04	1.05	7.44	2.94	1.87	1.11	10.61	4.94	9.87
G232_03333	8.13	1.74	8.16	2.17	3.66	1.56	2.14	1.03	5.08	5.26	13.36	1.74	6.54	2.50	5.22	1.22	3.54	5.20	1.57	0.83	6.53	3.27	2.65	1.17	10.09	6.72	12.27
G232_03334	9.51	0.55	6.89	1.28	4.56	1.79	1.20	1.71	4.19	3.00	11.36	1.67	3.90	2.41	3.99	0.32	0.81	5.19	1.48	0.89	7.29	2.44	0.50	0.63	11.72	5.43	10.36
G232_03335	7.67	2.10	6.57	1.70	3.94	1.90	0.99	1.03	4.54	1.90	12.88	1.77	3.03	3.03	4.59	0.44	0.36	5.58	1.52	1.01	5.33	2.43	1.25	1.10	12.89	3.95	10.18
G232_03336	10.29	0.76	5.33	2.17	3.78	1.58	1.87	2.65	4.67	3.08	13.27	2.23	3.75	2.02	4.56	0.83	1.60	5.69	1.92	0.84	6.22	2.95	1.67	0.56	11.40	5.54	12.23
G232_03337	9.51	3.62	7.26	2.45	4.67	2.97	1.93	2.11	5.28	5.16	13.78	1.47	4.19	2.54	3.84	1.52	6.14	4.23	1.66	1.36	6.20	1.79	2.87	0.88	11.46	6.41	10.60
G232_03338	8.95	0.60	7.23	2.20	2.78	1.74	1.73	1.28	5.10	6.54	8.64	1.72	3.95	2.30	5.22	0.75	2.22	4.50	1.45	0.96	8.01	1.65	1.57	0.27	12.73	4.41	8.38
G232_03339	4.49	0.00	4.57	0.96	2.74	3.37	0.82	0.95	3.59	0.29	4.49	1.29	2.24	0.64	1.54	0.72	0.08	2.93	0.72	0.71	6.24	1.45	0.18	1.25	6.55	3.13	6.80
G232_03340	7.39	1.23	6.38	1.56	4.43	1.55	1.09	0.68	4.73	3.43	9.88	1.39	4.07	2.21	3.11	0.63	3.21	4.47	0.97	0.34	5.77	3.40	2.77	0.94	10.52	5.56	10.60
G232_03341	11.59	0.00	4.97	1.16	3.58	1.13	0.79	0.78	4.27	2.22	10.46	1.73	2.22	2.85	3.27	0.32	0.07	4.21	0.97	0.65	5.10	1.58	0.15	0.56	11.50	3.86	9.13
G232_03342	11.40	0.18	5.84	2.66	4.29	1.34	0.53	2.28	5.10	3.01	10.73	1.96	5.27	2.96	4.59	0.86	0.07	4.45	1.16	1.21	6.76	1.89	0.14	0.80	11.42	4.32	9.22
G232_03343	8.09	1.97	6.07	2.30	3.35	1.72	1.04	1.20	4.08	4.29	11.15	1.81	3.39	2.55	4.39	0.72	2.94	4.64	1.61	0.99	6.27	2.53	2.46	0.97	12.90	5.50	9.03
G232_03344	8.30	1.63	5.27	2.63	3.99	1.13	1.31	1.66	4.19	3.72	11.55	1.97	3.99	2.77	3.75	0.71	2.52	5.57	0.89	0.78	4.78	3.26	1.82	1.45	10.61	4.37	9.72
G232_03345	9.11	1.05	3.46	2.50	3.65	1.07	1.05	0.70	4.30	3.19	16.24	2.50	5.43	2.87	5.05	0.60	1.08	6.93	1.23	1.30	6.52	3.04	0.96	1.50	14.10	4.29	9.41
G232_03346	10.83	5.67	7.18	1.71	3.33	3.73	2.62	1.17	4.96	11.22	8.17	1.33	4.10	2.90	3.61	0.83	12.03	4.44	1.98	1.85	5.92	2.59	7.73	1.23	11.60	5.47	10.31
G232_03347	7.22	0.26	4.82	1.87	4.38	1.75	0.98	1.48	4.57	2.03	10.40	1.67	4.65	2.31	2.99	1.06	0.00	5.20	1.70	0.52	6.72	2.50	0.08	1.04	11.60	3.89	8.06
G232_03348	7.20	0.17	5.83	2.52	3.69	1.66	1.31	1.63	4.93	1.61	11.42	2.34	3.51	2.47	3.36	1.06	0.00	4.59	1.62	1.08	5.41	2.66	0.21	1.41	11.79	4.80	9.88
G232_03349	9.08	0.59	5.48	1.78	4.49	1.77	1.80	1.07	3.06	2.23	9.25	1.84	3.93	2.63	2.78	0.34	1.20	5.33	1.91	1.23	4.73	3.72	1.02	0.61	11.37	4.23	6.92
G232_03350	6.04	5.48	5.32	2.76	3.76	3.68	1.56	1.83	5.98	9.66	14.55	3.07	8.15	3.99	3.37	0.97	10.64	7.71	2.12	1.02	6.84	2.60	8.48	1.11	12.91	6.07	11.15
G232_03351	6.30	1.84	7.97	2.14	4.14	2.55	1.90	1.47	3.34	4.48	12.92	1.40	3.46	3.20	4.16	1.09	2.33	4.45	1.37	0.94	6.64	2.26	1.36	1.32	12.78	4.76	8.25
G232_03352	7.44	8.98	7.92	2.26	3.68	3.72	3.30	1.24	3.84	18.03	12.06	2.52	4.25	2.86	3.54	1.34	20.31	5.98	2.13	1.40	5.52	3.13	14.53	1.75	12.87	6.02	10.91
G232_03353	9.07	2.01	6.02	2.98	2.76	2.41	2.02	1.24	3.80	8.35	11.37	2.10	4.27	2.69	3.36	0.78	5.61	5.25	1.77	1.10	6.83	2.45	4.89	1.21	10.94	5.67	9.12
G232_03354	8.24	0.28	7.18	1.87	4.34	1.24	1.11	1.01	3.54	1.60	10.56	0.98	3.97	2.25	2.68	0.68	0.18	5.05	1.33	0.61	5.66	2.63	0.26	0.63	10.28	4.88	8.88
G232_03355	5.08	0.00	5.45	1.66	2.27	0.78	0.59	0.15	2.22	2.33	5.22	0.88	2.50	1.56	0.34	0.30	0.00	3.29	0.44	0.15	5.21	1.25	0.08	0.75	7.90	2.31	6.34
G232_03356	7.77	0.64	5.73	2.58	4.17	1.19	1.51	0.63	3.55	1.56	10.86	1.46	2.78	2.02	3.76	0.39	0.92	4.05	1.86	0.58	6.92	2.26	0.75	1.11	11.31	3.84	9.57
G232_03357	6.50	0.94	5.29	1.45	2.58	1.11	1.58	2.65	2.52	3.51	9.75	1.74	2.27	1.86	2.79	0.73	1.17	3.42	0.52	1.52	7.30	3.95	1.19	1.42	6.98	4.05	12.36
G232_03358	7.69	1.11	3.95	2.02	3.47	1.95	1.06	1.38	4.48	3.66	10.00	1.65	2.97	2.32	2.14	0.93	1.76	4.25	1.24	1.12	3.66	2.87	1.60	0.84	11.23	4.43	9.83
G232_03359	7.59	6.32	4.83	2.10	3.81	3.09	3.44	1.17	4.88	12.16	10.92	2.07	3.13	1.80	2.75	0.96	10.49	6.16	1.48	0.61	6.63	1.53	10.27	1.13	10.87	5.25	7.25
G232_03360	6.58	2.01	5.82	1.34	4.62	1.42	1.69	1.06	2.64	2.08	6.61	1.32	2.93	1.82	2.92	0.83	2.33	2.97	1.39	0.90	5.36	1.81	2.74	1.26	6.74	2.34	7.69
G232_03361	8.08	0.25	6.13	3.24	4.17	1.24	2.17	1.87	5.04	2.50	13.69	1.48	2.94	1.43	2.97	1.33	0.17	4.91	1.17	0.33	5.83	3.50	0.28	1.17	11.52	4.60	8.79
G232_03362	8.16	2.95	4.91	2.53	2.75	3.03	1.09	2.19	3.93	6.97	9.77	1.29	2.90	1.83	3.56	0.93	4.83	4.16	1.17	1.07	5.67	3.33	5.70	1.56	10.99	3.00	9.91
G232_03363	9.59	0.49	7.89	2.22	2.96	1.79	0.81	1.68	5.05	3.18	9.78	2.17	3.84	2.04	2.80	0.65	0.95	5.91	2.04	1.27	6.08	3.02	0.89	0.87	14.67	5.58	10.65
G232_03364	7.37	0.74	5.95	1.79	3.71	2.07	1.26	1.05	3.79	3.15	9.13	1.67	2.95	2.65	2.43	0.52	1.43	3.91	1.21	0.83	5.12	2.10	1.30	1.09	7.71	4.62	8.03
G232_03365	6.55	5.25	7.20	1.73	3.03	3.24	2.92	1.23	3.83	9.72	9.07	2.68	2.40	2.06	3.62	0.98	11.00	4.21	1.57	1.05	5.16	2.48	7.55	0.67	9.98	3.42	8.39
G232_03366	8.43	0.09	6.40	2.38	6.13	2.05	1.72	1.00	4.67	0.44	10.91	2.62	2.79	1.91	4.32	0.83	0.26	6.49	2.98	1.30	9.40	2.74	0.29	1.22	8.24	4.00	11.07
G232_03367	12.15	0.27	7.73	2.53	4.95	2.89	1.39	0.77	5.47	0.88	7.76	2.72	3.48	2.48	2.07	1.19	0.09	6.04	1.06	1.48	10.28	2.37	0.24	0.91	9.02	5.79	10.27
G232_03368	7.20	4.38	6.16	1.87	4.33	1.38	1.52	1.28	3.94	8.48	11.48	1.18	3.44	2.10	4.19	0.76	7.80	5.23	1.44	1.62	5.26	3.61	4.15	1.65	9.26	4.26	9.44
G232_03369	9.65	1.01	6.38	1.79	3.07	1.89	1.40	1.24	2.72	2.73	9.96	1.48	2.70	1.99	3.47	1.27	1.75	4.71	1.38	0.64	6.22	2.63	1.56	1.06	10.49	4.17	9.72
G232_03370	7.62	0.73	6.40	2.42	3.63	2.36	0.89	1.69	4.63	1.88	12.33	1.91	3.83	2.68	5.32	0.97	0.72	4.27	1.49	1.03	5.00	1.90	0.56	1.02	13.07	5.58	10.29
G232_03371	7.83	0.08	7.19	2.28	2.54	1.49	0.81	2.24	4.94	2.46	11.48	2.86	3.12	2.97	4.38	0.69	0.00	5.41	1.02	0.22	4.38	2.48	0.20	0.87	12.05	4.97	9.28
G232_03372	9.49	0.77	7.18	1.73	4.56	1.78	1.49	1.37	4.37	2.77	11.92	1.43	3.85	1.86	4.94	1.07	1.67	4.28	1.03	0.71	4.65	1.56	0.83	0.90	10.72	5.16	11.00
G232_03373	5.04	0.23	3.56	1.24	2.18	0.82	0.34	0.63	2.18	0.95	5.71	1.27	2.83	1.25	1.53	0.38	0.60	3.34	0.78	0.32	2.38	1.28	0.43	0.34	7.30	2.70	5.46
G232_03374	6.06	0.00	5.46	1.50	3.78	4.07	1.16	1.29	5.83	2.00	11.41	1.61	2.96	2.94	4.13	1.70	0.00	7.74	1.82	0.35	8.18	3.09	0.24	0.97	10.17	6.97	11.11
G232_03375	11.70	10.26	7.92	3.22	4.27	4.55	3.91	1.59	5.71	14.90	15.08	2.38	5.43	3.59	5.39	1.41	20.38	7.82	1.68	1.09	6.64	3.25	13.80	1.04	17.21	5.62	12.12
G232_03376	8.47	2.62	5.60	1.64	3.41	2.12	1.51	1.33	3.41	3.61	10.12	1.53	2.88	1.87	3.21	0.72	2.44	4.97	0.46	1.72	7.27	2.54	2.92	0.77	11.79	5.17	8.46
G232_03377	8.45	1.08	5.77	1.70	4.24	2.08	1.44	1.19	2.32	3.70	6.97	2.35	2.09	2.00	2.39	1.09	1.64	2.07	2.14	1.20	5.21	2.79	1.42	1.07	11.53	3.19	8.66
G232_03378	8.53	2.38	7.44	1.74	4.32	1.66	1.59	1.13	4.38	5.40	10.24	1.13	3.24	2.13	3.35	0.85	3.90	4.31	0.88	1.24	6.48	2.32	4.09	1.25	9.01	3.01	9.56
G232_03379	6.87	0.00	2.67	1.95	1.62	1.71	1.01	0.00	5.18	0.52	8.48	2.26	3.55	1.92	5.50	1.24	0.24	3.91	1.87	1.13	5.72	2.83	0.07	1.96	10.35	5.63	7.85
G232_03380	7.46	0.29	6.05	1.60	4.00	1.21	0.52	0.89	4.28	1.32	11.17	2.11	3.33	1.56	2.41	0.78	0.17	4.77	0.71	0.85	5.55	2.68	0.20	0.66	10.66	4.82	10.13
G232_03381	9.32	0.23	6.47	2.07	3.82	2.16	1.13	1.71	4.19	1.92	9.53	1.61	3.48	2.25	4.74	0.72	0.22	4.70	1.51	0.69	5.26	2.94	0.31	0.81	11.83	4.76	8.91
G232_03382	7.79	1.48	5.70	1.92	3.77	2.67	1.41	1.29	4.40	3.14	9.81	2.01	3.63	2.34	3.56	1.40	3.93	5.40	1.59	0.91	7.26	2.72	2.37	1.35	11.51	4.84	10.48
G232_03383	11.54	2.79	7.02	2.32	4.51	2.74	1.50	1.50	4.71	6.35	10.23	1.94	4.17	3.10	4.44	0.83	6.79	4.95	1.69	1.08	6.23	2.98	4.73	0.88	12.53	6.29	11.07
G232_03384	8.68	4.65	5.66	1.74	4.41	2.99	1.31	1.75	4.17	7.05	8.98	1.97	3.62	2.57	4.46	1.35	8.92	4.35	2.02	0.95	6.85	2.71	6.94	1.42	10.81	4.72	8.91
G232_03385	5.90	4.11	5.78	2.64	3.77	2.16	1.90	1.69	2.86	10.92	10.86	1.43	3.05	2.75	3.06	0.97	10.74	4.34	1.80	0.71	5.52	3.72	7.56	1.84	9.12	3.46	7.34
G232_03386	9.19	0.20	5.64	1.76	2.99	0.83	0.59	0.95	4.68	1.63	10.52	2.02	3.41	2.92	3.56	1.14	0.47	4.70	0.78	0.62	4.63	3.71	0.41	0.81	12.01	4.99	9.98
G232_03387	7.08	2.18	6.44	2.87	4.42	1.72	1.63	1.11	4.55	4.27	10.56	1.74	3.87	3.08	2.74	0.93	4.34	4.82	1.82	0.87	7.34	2.56	2.69	1.39	11.12	5.61	9.19
G232_03388	9.07	1.35	8.47	2.30	3.14	1.84	1.77	1.13	4.05	3.91	9.78	1.73	4.11	1.90	3.98	0.88	3.24	3.94	1.82	1.42	5.86	2.93	2.24	0.63	11.64	4.74	9.11
G232_03389	8.76	2.62	5.76	1.85	3.50	2.32	1.59	1.15	3.78	5.19	11.61	1.28	3.40	2.31	3.10	1.05	4.61	3.89	1.14	0.80	4.30	3.08	4.03	1.13	11.82	4.25	9.53
G232_03390	6.72	0.01	5.88	2.32	3.21	1.05	0.64	1.16	4.67	1.84	7.19	2.09	3.10	2.50	1.31	0.71	0.00	4.38	1.72	0.00	6.46	4.50	0.26	1.17	11.96	4.93	9.31
G232_03391	6.98	2.44	4.91	1.81	3.98	1.54	1.38	1.62	5.15	5.33	9.07	2.24	5.11	2.42	4.76	0.86	6.01	4.41	1.38	0.64	6.14	2.53	4.08	1.00	11.51	5.51	9.22
G232_03392	7.66	3.74	6.75	1.45	4.85	2.69	1.86	1.30	4.12	5.81	13.99	2.17	3.97	3.74	3.67	0.78	5.88	6.00	1.89	0.40	8.16	0.84	5.29	1.19	6.77	5.51	12.51
G232_03393	8.62	1.79	6.41	1.53	4.02	3.16	0.76	1.05	4.08	4.44	10.58	2.30	3.74	3.42	3.58	1.64	2.40	5.77	1.77	2.01	7.17	2.30	3.23	1.73	10.76	6.03	10.52
G232_03394	8.30	0.32	7.35	1.65	4.50	1.15	0.77	1.87	4.46	1.63	8.70	1.50	3.35	2.38	3.47	0.67	0.50	4.00	0.83	1.32	5.81	2.57	0.62	0.75	12.08	5.30	9.47
G232_03395	12.93	4.80	4.40	2.01	3.30	2.49	2.03	0.85	4.04	10.75	7.65	1.77	3.52	3.32	4.17	1.55	10.33	5.46	2.01	1.16	4.22	2.05	8.08	1.66	9.90	4.63	9.03
G232_03396	6.50	3.44	6.05	1.38	4.33	2.35	1.71	1.33	3.18	7.55	11.22	1.06	3.32	2.03	4.45	0.98	7.87	4.81	1.36	1.08	6.58	2.01	5.43	0.98	9.50	4.10	8.38
G232_03397	7.34	1.26	5.57	0.90	3.07	2.39	1.23	1.15	2.08	3.79	9.84	1.45	1.16	1.68	4.27	1.04	2.81	2.71	0.91	1.41	7.78	2.07	2.56	0.76	7.06	3.56	6.69
G232_03398	5.39	0.13	5.12	1.71	3.10	1.68	0.69	0.69	4.51	2.25	12.67	2.01	3.88	3.67	3.70	0.65	0.00	5.11	0.67	0.37	3.99	2.90	0.05	0.73	11.71	3.47	11.40
G232_03399	5.57	0.13	5.01	1.60	3.76	1.05	0.54	1.20	2.86	1.61	7.17	0.99	1.64	2.40	3.63	0.29	0.00	2.88	0.78	0.56	3.00	2.58	0.01	0.28	6.82	1.96	6.77
G232_03400	7.44	1.71	5.52	2.07	3.52	1.90	1.52	0.84	4.40	4.07	12.21	1.43	3.65	2.94	4.42	0.70	2.72	5.24	1.22	0.88	4.71	2.69	2.11	0.72	11.57	4.25	9.89
G232_03401	10.15	4.98	7.79	1.46	4.06	2.46	3.28	1.71	5.55	9.90	9.63	1.75	4.06	2.40	2.89	0.50	12.72	6.93	2.74	0.76	6.01	2.96	7.05	1.38	10.55	5.21	9.18
G232_03402	4.84	2.71	6.88	1.58	4.08	1.37	0.64	0.96	2.42	5.18	13.61	1.24	3.31	2.81	3.87	0.64	5.36	5.29	2.02	1.03	2.80	3.02	3.22	1.01	13.64	4.83	7.89
G232_03403	11.54	2.94	6.75	1.98	3.45	1.39	1.66	1.83	4.69	3.13	11.54	1.47	3.84	3.41	4.68	0.65	0.90	3.53	0.49	0.28	7.57	2.68	1.42	1.37	10.54	5.14	9.61
G232_03404	8.29	0.24	6.89	2.32	3.10	1.61	1.40	1.52	4.50	2.20	11.53	1.47	3.06	3.72	2.58	0.59	0.42	3.02	0.73	0.94	6.40	2.73	0.62	0.54	9.51	3.29	8.98
G232_03405	9.32	1.32	6.61	2.15	4.16	2.02	1.84	1.45	4.37	4.59	11.70	2.41	4.64	2.29	3.64	0.80	3.01	5.75	1.15	0.73	8.20	2.40	2.68	1.52	10.57	5.64	10.71
G232_03406	7.85	0.84	4.46	1.82	2.81	1.06	1.27	1.63	4.10	1.52	11.01	1.47	4.50	3.71	3.32	1.02	0.17	4.16	0.89	0.82	8.43	4.08	0.70	1.77	11.56	7.48	9.09
G232_03407	9.20	0.33	6.95	1.54	4.35	1.43	0.94	1.62	4.24	1.82	9.87	2.11	4.20	2.21	4.24	0.53	0.02	4.05	1.78	0.72	5.74	2.24	0.07	0.91	11.62	4.63	10.84
G232_03408	9.92	2.48	6.39	2.01	3.13	2.01	1.22	1.64	5.66	7.14	10.46	2.90	3.59	3.34	4.57	0.93	3.80	5.85	1.59	0.73	6.06	2.10	3.31	1.04	13.35	5.42	13.31
G232_03409	7.09	1.36	7.09	2.38	3.99	2.25	1.45	1.52	2.97	2.54	10.71	1.55	3.14	1.99	3.69	1.07	2.10	4.22	1.41	0.89	6.78	2.70	1.70	0.86	9.36	4.03	9.79
G232_03410	11.35	0.15	7.39	1.84	3.57	1.40	0.85	1.40	3.39	0.99	7.42	1.96	3.02	2.09	2.61	0.80	0.13	4.17	1.65	0.78	7.14	2.77	0.50	1.44	8.63	4.30	9.05
G232_03411	4.37	1.92	4.99	1.29	2.45	1.48	0.72	0.99	3.52	4.16	9.74	1.93	2.43	3.21	4.14	0.52	1.41	4.29	1.04	0.87	5.93	1.34	1.86	0.69	8.13	3.88	7.88
G232_03412	5.72	0.12	7.11	2.22	5.34	1.33	0.67	1.18	3.54	0.56	6.75	1.88	2.79	1.92	4.13	0.96	0.21	6.54	2.06	1.02	4.83	2.71	0.00	1.88	11.00	3.33	8.38
G232_03413	10.91	0.45	4.73	0.72	4.42	1.23	1.15	1.34	3.88	3.17	9.52	1.99	1.66	1.77	2.90	0.50	1.07	4.63	1.76	1.65	5.32	1.91	1.13	0.36	9.96	4.05	8.07
G232_03414	9.31	0.65	6.37	2.65	2.90	1.66	0.97	1.05	4.01	3.08	8.66	1.85	3.34	2.71	4.06	1.21	0.77	4.43	0.96	1.06	5.70	2.21	0.87	0.80	10.70	4.50	8.81
G232_03415	8.95	0.36	4.98	1.32	3.68	1.32	0.69	1.54	3.72	1.38	9.11	1.61	2.52	2.08	2.73	0.84	0.47	3.61	0.75	0.76	5.19	2.35	0.45	0.54	11.15	3.21	8.24
G232_03416	8.53	0.81	4.98	2.42	4.00	1.42	0.90	0.85	3.99	2.15	10.77	1.93	3.39	2.34	4.27	0.95	1.17	4.92	1.72	0.82	5.52	2.47	1.13	0.98	10.35	4.45	11.26
G232_03417	9.52	0.02	6.49	1.49	3.97	1.60	1.40	0.98	3.66	1.90	11.04	2.31	4.15	2.39	3.35	1.18	0.10	4.99	1.04	0.75	6.67	2.69	0.20	0.82	11.01	4.41	10.20
G232_03418	6.65	0.15	5.69	1.51	3.52	0.87	1.03	1.44	3.76	1.68	11.26	1.96	4.26	3.43	3.31	0.94	0.14	4.05	1.26	0.97	4.65	1.62	0.13	0.57	11.06	4.66	11.48
G232_03419	5.47	0.50	5.72	1.49	2.57	1.52	1.39	0.94	3.89	2.21	7.29	1.42	2.73	1.64	2.36	0.84	0.20	3.30	1.04	0.66	6.36	2.70	0.28	1.84	8.46	3.54	8.59
G232_03420	8.13	0.81	6.62	2.40	4.84	2.10	1.45	0.72	4.40	1.37	7.55	1.71	2.25	2.13	2.86	0.87	1.09	3.58	1.39	0.83	5.96	3.96	0.97	1.70	11.28	2.83	8.38
G232_03421	8.38	2.27	5.35	1.72	3.79	1.67	1.55	2.20	3.68	4.70	9.29	0.77	2.63	2.93	4.45	0.95	5.09	4.82	1.01	0.25	3.80	2.54	4.90	0.47	10.22	3.62	9.90
G232_03422	6.96	0.33	5.90	0.98	4.26	3.34	2.06	1.07	1.83	0.84	8.92	0.68	2.11	1.83	2.17	0.61	0.28	2.46	0.80	1.48	6.29	1.83	0.66	1.61	7.49	3.66	6.20
G232_03423	10.85	3.77	6.69	2.15	3.70	2.65	0.76	1.52	4.66	5.18	10.71	1.89	3.72	3.37	4.16	0.90	7.16	5.30	1.30	1.19	5.28	3.02	4.86	0.78	12.28	4.67	9.16
G232_03424	6.13	0.00	6.49	1.09	3.01	3.51	1.82	2.98	2.61	2.18	10.92	1.00	1.35	1.38	2.62	0.28	0.00	3.85	1.22	0.35	5.95	2.12	0.12	0.99	13.07	4.70	10.37
G232_03425	9.25	0.39	5.81	1.86	3.85	2.01	1.12	1.84	5.42	1.77	11.76	2.80	4.71	2.38	4.44	0.75	0.96	4.33	1.48	1.40	7.16	3.31	0.52	1.09	10.58	6.03	10.37
G232_03426	10.16	0.17	7.63	2.55	4.65	1.60	1.32	1.67	4.39	1.11	12.57	1.82	3.48	2.61	4.35	0.62	0.31	3.70	1.50	0.76	7.41	2.32	0.18	1.42	11.68	5.42	9.67
G232_03427	10.19	0.15	6.90	2.13	3.97	1.85	1.31	1.84	5.16	1.93	10.61	1.81	4.03	2.73	5.06	1.00	0.06	5.16	1.59	1.05	7.28	2.47	0.10	0.62	12.95	5.47	9.63
G232_03428	9.36	0.20	6.89	1.76	4.24	1.68	1.09	0.76	4.37	2.03	9.07	1.67	3.68	1.64	2.79	1.25	0.14	5.54	1.22	0.80	6.77	2.77	0.15	1.18	11.59	6.29	10.45
G232_03429	9.25	0.50	6.74	2.22	4.61	1.88	1.00	1.44	4.25	2.37	13.24	0.90	4.80	2.39	4.36	1.37	0.37	4.28	1.21	0.76	6.74	3.51	0.34	1.07	11.34	4.89	9.13
G232_03430	12.11	10.32	5.85	1.69	3.48	3.28	2.51	1.68	3.87	20.11	12.29	2.62	4.56	2.69	3.91	0.91	22.24	7.38	1.90	1.37	5.25	2.42	14.21	0.46	10.36	4.79	10.24
G232_03431	11.74	0.27	6.02	2.18	4.11	1.15	1.79	1.87	3.70	2.23	9.83	1.77	3.80	2.89	2.90	0.24	0.40	4.02	0.88	0.56	5.85	2.77	0.44	0.83	10.90	4.15	9.12
G232_03432	8.46	0.11	6.12	2.21	3.29	1.05	1.36	0.63	4.82	2.43	12.16	1.50	4.41	2.99	6.42	0.38	0.09	4.80	0.91	1.06	8.21	3.26	0.09	0.81	13.93	6.46	10.26
G232_03433	6.90	3.03	6.20	1.98	4.83	1.76	1.49	1.45	3.84	7.23	12.91	1.73	3.60	2.12	4.90	1.44	4.60	4.94	2.02	0.91	5.01	2.74	3.59	0.55	14.59	6.78	11.96
G232_03434	9.14	3.36	6.15	2.04	4.65	1.74	2.13	1.33	3.21	6.82	12.27	2.22	2.75	3.02	3.57	1.40	4.35	3.85	1.76	1.17	6.13	2.06	3.50	1.33	10.80	3.52	7.03
G232_03435	8.07	2.69	6.65	1.97	4.29	1.74	0.73	1.18	4.17	7.26	10.87	1.93	4.08	2.65	3.96	0.76	4.33	6.12	1.92	1.19	5.46	3.12	3.26	1.41	11.99	5.72	11.17
G232_03436	8.46	3.08	6.70	2.44	4.31	2.82	1.66	2.75	5.95	6.64	14.40	3.47	4.53	2.62	3.28	0.42	3.96	6.94	1.37	1.08	6.14	2.78	2.95	0.90	10.46	5.69	9.57
G232_03437	9.02	1.97	6.65	1.79	3.73	2.10	1.73	1.28	4.96	6.55	10.02	2.31	4.19	3.08	4.60	0.56	4.61	5.83	0.93	1.27	6.64	2.95	3.19	1.10	9.55	3.67	9.91
G232_03438	5.98	2.18	4.52	1.87	3.48	2.69	2.35	1.03	5.39	8.94	15.62	2.54	4.84	4.16	4.65	1.01	4.55	9.38	0.84	1.73	7.23	3.67	4.97	1.66	11.39	9.30	11.52
G232_03439	7.23	1.63	4.45	1.84	2.99	1.77	1.42	0.96	6.67	4.67	16.80	1.82	5.41	3.58	5.50	0.65	1.92	7.90	0.95	0.86	6.19	2.70	2.25	0.67	10.24	6.61	11.73
G232_03440	2.91	0.15	4.03	1.24	1.62	0.39	0.44	0.58	2.19	1.01	4.26	0.61	1.67	1.70	1.71	0.37	0.05	2.00	0.65	0.67	3.89	1.64	0.08	0.66	6.49	3.06	5.30
G232_03441	3.10	1.15	2.18	0.67	1.65	1.07	0.55	1.20	2.26	2.32	5.71	1.43	2.12	1.41	2.11	0.08	1.39	3.59	1.33	0.81	2.02	1.38	1.14	0.67	5.94	3.04	4.45
