GENE	Rstd	SM102	SM104	SM105	SM108	SM109	SM11	SM122	SM13	SM14	SM18	SM24	SM27	SM28	SM29	SM35	SM36	SM42	SM48	SM57	SM66	SM67	SM72	SM74	SM84	SM9	SM91
G232_06117	7.24	9.29	5.22	1.88	3.84	3.23	2.04	1.90	3.93	16.92	9.64	1.18	3.54	2.71	3.31	0.93	18.76	6.48	1.68	2.02	4.47	2.38	12.51	0.39	13.18	3.13	9.62
G232_06118	8.89	0.82	6.01	1.97	2.93	1.29	0.76	0.92	4.02	2.82	9.14	1.51	3.57	2.55	2.96	0.47	1.23	3.99	0.74	0.52	5.19	2.02	1.11	0.64	10.01	4.10	9.58
G232_06119	9.66	2.38	6.94	1.59	3.92	1.74	1.39	1.51	4.12	4.48	9.70	1.36	3.51	2.27	3.56	1.10	3.52	4.90	1.10	1.54	6.61	2.71	3.05	0.73	11.81	4.18	10.23
G232_06120	12.18	0.58	6.37	2.59	4.22	1.24	1.19	1.51	3.62	2.24	10.94	1.71	3.88	2.25	3.09	1.28	0.84	5.21	1.78	1.06	6.21	2.33	0.75	0.70	13.48	4.63	11.05
G232_06121	8.52	0.77	7.92	2.37	3.70	1.63	1.50	1.55	4.59	2.61	9.43	2.11	4.03	1.36	2.35	1.36	1.59	5.30	0.90	1.14	6.40	2.36	1.17	0.70	11.52	4.53	10.50
G232_06122	12.83	0.81	7.73	1.88	4.69	2.04	1.19	2.06	3.48	4.18	9.60	2.37	2.87	1.88	3.32	0.78	0.16	4.54	0.48	0.73	7.04	1.98	0.26	0.67	11.43	5.27	8.28
G232_06123	9.68	2.05	7.49	2.09	4.60	3.03	1.12	1.68	5.50	4.45	11.20	1.44	4.19	2.63	3.46	0.65	2.38	7.64	1.40	0.79	6.18	2.25	2.53	0.60	10.69	3.41	12.15
G232_06124	5.47	1.20	3.05	1.57	2.74	1.57	0.71	0.70	3.69	2.73	4.25	1.01	2.49	2.47	2.36	0.61	1.81	2.65	0.48	0.49	2.72	1.30	1.01	0.38	6.60	3.50	5.34
G232_06125	7.59	0.54	8.62	2.76	4.37	2.56	2.51	1.71	4.28	2.45	10.24	1.59	3.57	2.07	3.54	0.87	0.63	4.94	1.08	0.74	6.79	2.05	0.42	0.88	11.17	4.69	11.16
