GENE	Rstd	SM102	SM104	SM105	SM108	SM109	SM11	SM122	SM13	SM14	SM18	SM24	SM27	SM28	SM29	SM35	SM36	SM42	SM48	SM57	SM66	SM67	SM72	SM74	SM84	SM9	SM91
G232_10253	1.0139	0.8462	0.8804	0.8171	0.9959	0.8913	1.3253	1.1656	0.8311	1.0968	1.3532	0.8728	0.6900	0.8821	1.4094	1.6190	0.9689	0.9842	0.6303	1.1597	1.0852	0.8864	1.1084	0.7266	0.9786	0.7632	0.8787
G232_10254	0.8999	0.0629	0.7769	0.8521	0.8942	0.6130	0.3916	0.7351	0.9379	0.5753	1.1218	0.5351	0.6645	0.8107	1.2193	0.7143	0.0000	0.7007	0.6303	0.7647	0.6026	0.6851	0.0099	0.5899	0.8543	0.6496	0.8423
G232_10255	0.9395	0.1678	0.7917	1.2023	0.6660	1.0000	0.5723	1.5033	0.6388	0.6667	1.5189	0.8026	0.8110	0.8607	1.5409	0.6190	0.1556	0.9225	1.2061	0.5462	0.8800	1.0649	0.2217	0.7842	0.7849	0.7424	0.9593
G232_10256	1.0000	0.9860	0.7379	0.6187	0.8651	0.7957	0.4337	0.8675	0.7282	0.5780	1.3021	0.9868	0.4862	1.0107	1.1345	1.1048	0.8872	0.7729	0.6667	0.7143	0.7329	0.6981	0.9951	0.9856	0.7689	0.8320	0.9362
G232_10257	0.9841	0.2238	0.8683	0.4358	1.1390	0.7391	1.0482	1.0662	1.1417	0.6075	1.1839	0.7588	0.8153	0.8643	1.2953	1.2857	0.1868	0.8363	0.8788	0.9664	0.9819	0.8701	0.4138	1.0288	0.8093	0.6976	0.8751
G232_10258	0.9277	2.0350	0.6478	0.7549	0.6639	0.7304	0.5783	0.7152	0.8291	1.7957	1.4056	0.5570	0.7516	0.8214	1.3450	0.9333	2.6654	0.9507	0.8909	0.3950	0.4697	0.7370	2.6059	0.3885	0.9245	0.9840	0.8379
G232_10259	0.9722	2.8182	0.7876	0.7198	0.8693	0.9478	0.8916	0.9868	0.6990	1.8522	1.0378	0.6579	0.9660	0.4607	0.7339	0.8571	3.1673	0.7870	1.5697	0.4706	0.5703	0.9318	2.3695	0.4460	0.9466	0.6928	0.7555
G232_10260	0.7364	0.1818	0.9180	0.7782	0.7303	0.5739	0.5602	0.8146	0.6680	0.6102	1.2363	0.8991	0.8599	0.7607	0.9883	0.7333	0.0661	0.8996	0.4606	0.7815	0.5535	0.5812	0.1724	0.2950	0.8299	0.6112	0.8096
G232_10261	0.8642	0.5734	0.7970	0.7160	0.4564	0.7348	0.5904	0.3046	0.6000	0.9247	0.8270	0.8114	0.5202	0.4679	1.4240	0.6667	1.0895	0.4630	0.4242	0.9496	0.5277	0.6883	0.9901	1.1655	0.7429	0.6928	0.6856
G232_10262	0.9822	1.1399	0.6989	0.6420	0.6494	0.6174	1.1867	0.7086	0.6291	1.0108	1.2887	0.6711	0.5244	0.9286	1.2515	0.6952	1.1479	0.8539	0.5333	0.8824	0.6232	0.8117	0.8424	0.8705	0.8314	0.6928	0.7945
G232_10263	0.7681	0.2098	0.7890	0.6226	0.6120	0.6435	0.2289	0.7550	0.6214	0.3145	0.0061	0.3289	0.5180	0.9357	0.4269	1.1810	0.0506	0.6849	0.9636	0.7059	0.6258	1.0260	0.0690	0.7698	0.6934	0.4928	0.8468
G232_10264	0.9257	0.7413	0.6801	0.7121	0.6971	0.6391	0.6265	0.9272	0.6796	0.9409	1.1072	0.8070	0.7197	0.7464	0.8889	0.6571	0.8482	0.7799	0.6788	0.8403	0.6387	0.8506	0.6601	0.7122	0.8352	0.7696	0.9699
G232_10265	0.7909	0.0000	0.8763	0.7665	0.5871	0.8565	0.3072	0.9007	0.9068	0.6022	1.2741	0.9211	0.6645	1.0286	1.3772	1.2952	0.0000	0.7993	1.0848	0.8487	0.6916	0.7435	0.0000	0.2374	0.9039	0.8720	0.8140
G232_10266	0.8464	5.6993	0.9180	0.6732	0.7759	1.9957	1.9880	1.3907	0.8777	4.4462	1.1815	0.6579	0.8556	0.5786	0.4708	2.6952	7.7588	1.1074	1.0121	1.3109	0.9690	1.0292	7.2069	0.5180	0.8741	0.8160	0.7440
G232_10267	0.5986	0.7343	0.7567	0.6576	0.8361	0.6522	0.9518	0.4106	0.7806	1.0753	1.1961	0.6140	0.8769	0.7107	1.0439	0.4952	0.7160	0.7764	0.6000	1.0924	0.7871	0.7857	1.1133	0.9928	0.7689	0.9184	0.9451
G232_10268	0.9693	0.2448	0.7406	0.6304	0.7884	0.4739	0.7289	0.9139	0.8951	0.4140	1.2497	0.8202	0.8450	1.0643	1.0936	0.5619	0.1634	0.7905	0.8727	0.6218	0.7884	0.9740	0.1232	0.6619	0.7963	0.7200	0.8751
G232_10269	0.7790	0.6084	0.7392	0.9650	0.6888	0.8174	0.9880	0.8411	0.9262	0.6989	1.5530	0.9518	0.8981	0.9679	1.0205	0.5429	0.4086	0.7412	0.9455	0.7395	0.6490	0.8506	0.5961	1.0935	0.9085	0.9056	0.9477
G232_10270	0.8999	1.4615	0.8091	0.3658	0.8838	0.3826	1.1386	0.9934	0.9184	0.9355	1.3922	0.8158	0.7006	0.6179	0.9327	0.5905	1.0311	0.6937	1.1273	0.8571	0.6529	0.6948	1.3596	0.4532	0.8825	0.6784	0.7476
G232_10271	0.6531	0.0629	0.6573	0.5409	0.8859	0.5348	0.2952	0.5894	0.9748	0.3495	1.4848	0.8421	0.7749	0.8893	1.3830	0.5143	0.0117	0.7852	1.0364	0.3782	0.5729	0.9708	0.0542	0.5827	0.8986	0.7120	0.6997
G232_10272	0.6947	0.0000	0.5108	0.4553	0.3755	0.1913	0.6265	0.5166	0.7029	0.4435	1.1048	0.6842	0.6667	0.5321	0.7632	0.5714	0.0000	0.9155	0.7758	0.7059	0.4335	0.7825	0.0000	0.6403	0.8169	0.8048	0.9929
G232_10273	0.9039	0.4615	0.9073	0.5058	0.8776	0.8174	0.8494	0.3444	0.9049	0.8145	1.3849	0.7588	0.8323	0.7643	1.1433	0.9429	0.4047	0.8944	0.8303	1.3361	0.8116	0.9123	0.6453	0.6906	0.8230	0.6736	0.7644
