GENE	Rstd	SM102	SM104	SM105	SM108	SM109	SM11	SM122	SM13	SM14	SM18	SM24	SM27	SM28	SM29	SM35	SM36	SM42	SM48	SM57	SM66	SM67	SM72	SM74	SM84	SM9	SM91
G232_00221	0.4242	0.0000	0.3468	0.1946	0.2158	0.3043	0.2530	0.3510	0.3301	0.0000	0.4190	0.3684	0.2335	0.2964	0.0000	0.1048	0.0000	0.4384	0.3212	0.4118	0.4168	0.2532	0.0000	0.5899	0.3371	0.3552	0.3747
G232_00222	1.0109	0.0420	0.8320	0.8911	0.9979	0.7304	0.6687	0.9669	0.8583	0.4462	0.8672	0.7632	1.0064	0.6714	0.6111	0.8286	0.0000	0.9560	1.0909	0.5798	0.8542	1.0292	0.0542	0.5899	0.9504	0.9216	0.8964
G232_00223	1.0188	0.0769	0.7755	0.6381	0.7116	0.8000	0.5301	0.8013	0.9087	0.3091	0.6127	0.5877	0.8365	0.6929	0.4444	1.0190	0.0195	0.6426	0.9333	0.9748	0.7406	0.9773	0.0246	0.4317	0.8780	0.6832	0.8503
G232_00224	0.5808	0.2657	0.9005	0.6848	0.8776	0.8826	0.4096	0.5762	1.0311	0.3602	0.0000	0.8553	1.0382	0.7107	0.1374	1.0857	0.0000	0.8292	0.9455	0.8571	1.1303	1.0357	0.0394	0.8129	0.9329	0.8768	0.8556
G232_00225	0.7483	0.4755	0.8024	0.6654	0.6079	0.5957	1.1386	0.8146	0.9437	0.7258	1.0365	0.4386	0.7622	0.9036	1.0029	0.5524	0.3074	0.7694	0.7394	1.2353	0.8361	1.1429	0.1133	0.7122	0.7727	0.7088	0.7387
G232_00226	0.6462	4.5175	0.7836	0.6187	0.8734	1.2739	1.6747	1.0596	0.6330	3.0699	0.9415	0.8333	0.8344	0.7893	0.9035	0.7714	5.6654	0.5264	1.0909	1.0840	0.9574	0.8052	4.3498	0.8129	0.6537	0.4912	0.6484
G232_00227	1.0862	0.5594	0.7702	0.7004	0.6556	0.7609	0.4940	0.7881	0.7534	0.6290	1.2326	0.9605	0.5117	0.7036	0.6930	0.5429	0.2101	0.7077	0.9576	0.5798	0.6632	0.7695	0.3842	0.4317	0.8177	0.8224	0.8592
G232_00228	0.6779	0.8182	0.8239	0.7743	0.7988	0.9783	0.5783	0.9272	0.7689	0.6613	1.0329	0.6930	0.6115	0.7393	0.5058	0.6095	0.5525	0.7940	0.9576	0.4202	0.9019	0.8182	0.6453	1.0791	0.7826	0.6448	0.8636
G232_00229	0.5243	0.0000	0.7043	0.4280	0.6598	0.5130	0.5000	0.2649	0.5573	0.5618	1.1376	1.1754	0.6327	0.4929	0.0848	0.7714	0.0895	0.4489	0.5394	0.4874	1.2568	0.3961	0.0000	1.6331	0.8383	0.4288	0.7874
G232_00230	0.8246	0.5524	1.1183	0.5681	0.7635	0.7391	0.4940	0.8212	0.8971	0.8199	0.8952	0.5570	0.7622	0.9286	0.6901	1.1810	0.3580	0.7482	0.9879	0.3950	0.8387	0.9058	0.3990	0.7842	0.8047	0.7120	0.9362
G232_00231	0.4262	0.5664	0.5645	0.1946	0.7988	0.8913	0.9639	0.0927	1.1262	0.5430	1.1998	1.0921	0.4692	0.9036	0.3713	0.2476	0.6381	0.3785	0.5879	0.7311	0.7445	0.3377	0.7241	1.0144	0.6346	0.3328	0.7910
G232_00232	0.5897	0.7413	0.6438	1.0467	0.7884	0.9043	0.3735	1.1921	0.8505	0.4677	0.8599	1.0570	0.7325	0.8143	0.8538	0.6571	0.3813	0.7711	0.6242	0.5966	0.6619	0.7273	0.4581	0.5827	0.7170	0.8368	0.8928
G232_00233	0.8959	0.5315	0.8562	0.8872	0.8797	0.6609	0.7530	0.9801	0.8252	0.8280	0.6602	0.7982	0.8641	0.8429	0.4152	0.6857	0.5720	0.8151	0.6788	0.9412	0.7690	0.9318	0.5813	0.5540	0.8665	0.8624	0.8547
G232_00234	1.0357	0.0280	1.2298	0.8249	0.7739	0.5957	0.7289	0.8079	0.7359	0.0484	0.3398	1.1053	0.8195	0.6536	0.0965	0.4762	0.0000	0.9296	0.1636	1.3025	0.7987	0.9448	0.1429	1.3525	0.7262	0.8352	0.7272
G232_00235	0.9792	0.3287	0.9019	0.7626	0.6286	0.5609	0.7470	1.0861	0.7961	0.5215	1.3922	0.7018	0.9002	0.8143	1.0556	0.6000	0.1556	0.7042	0.6364	0.6807	0.7755	0.5325	0.1724	0.6187	0.7910	0.8240	0.9185
G232_00236	0.9415	0.2168	0.8239	0.9066	0.8402	0.4565	0.6867	0.8742	0.7165	0.4731	1.2826	0.5000	0.6943	0.6107	1.2836	0.5143	0.0623	0.6514	0.9758	0.7731	0.9523	0.5747	0.1626	0.7410	0.9291	0.7216	0.8051
G232_00237	0.4569	0.0000	0.6196	1.0000	0.6349	0.3783	0.9096	0.6556	0.6058	0.2876	0.0000	0.6096	1.0658	0.7071	0.0000	0.1619	0.0000	1.1074	0.2061	0.6471	0.4465	0.8929	0.0000	0.4892	0.9146	0.7696	0.8565
G232_00238	0.7721	1.5315	0.6156	0.7977	0.9212	0.6609	0.9458	0.4371	0.7961	0.8360	1.2838	0.4737	0.8429	0.7929	1.1316	0.6095	1.5837	0.9842	0.8061	0.9832	0.7845	0.8636	1.5961	0.7770	0.6995	0.8640	0.8149
G232_00239	0.9435	5.6014	0.9812	0.6265	0.8797	1.3565	1.6145	0.7086	0.8893	4.3710	1.4032	0.6009	0.8493	0.7500	1.0614	0.8667	7.0895	1.1849	1.0061	1.2773	0.5742	0.7143	5.8571	0.5036	0.9031	0.7392	0.8317
G232_00240	1.0347	1.7413	0.7917	0.7082	0.8880	0.6609	0.7771	0.7219	0.7107	1.6989	1.4799	0.7632	0.7771	0.9429	0.9708	0.7524	1.9922	0.8345	1.0788	0.8739	0.6697	0.7630	1.9261	0.7842	0.8802	0.7200	0.8716
G232_00241	0.8642	0.2448	0.8898	0.6459	0.5871	1.1304	0.6084	1.2715	1.0272	1.1774	2.0085	1.3947	0.9193	1.9429	1.2193	0.4857	0.4047	0.7060	0.3333	1.9580	0.8219	0.5519	0.4828	0.8345	0.8833	1.2976	1.1275
G232_00242	1.2170	0.8042	0.9422	0.6537	0.9212	1.5652	0.8434	1.4636	0.8544	0.8145	1.4580	0.7149	0.8556	1.0179	1.7456	0.9619	0.5486	0.8609	0.5636	0.8655	1.0581	0.8896	0.5369	0.6259	0.8101	0.8560	0.6634
G232_00243	0.8870	0.7063	0.7728	0.7665	0.5788	0.5870	0.3855	0.9073	0.8175	0.5565	1.2801	0.6667	0.5584	0.6964	0.6784	0.7524	0.3891	0.8011	0.8121	0.7395	0.6181	0.7110	0.5517	0.3237	0.8741	0.7264	0.8158
G232_00244	0.6918	1.0839	0.8978	0.6887	0.8900	0.6870	0.6687	1.3179	0.9379	1.0806	1.2326	0.9386	0.6115	0.8179	1.0322	0.6286	1.4319	0.8222	0.9212	0.5714	0.7884	1.1006	1.0542	0.9424	0.8902	0.6896	0.8087
G232_00245	1.0575	0.3287	1.1290	0.7860	0.9959	0.5391	0.5783	0.5629	0.9845	0.1613	0.9817	0.6184	0.4841	0.4607	0.7953	0.6286	0.0506	0.7676	0.4061	0.8235	1.2090	0.6558	0.0345	0.9209	0.8436	0.7568	0.7662
G232_00246	0.7691	0.0000	0.3105	1.8132	0.8714	0.5478	0.5301	0.5894	1.1320	0.4301	0.3471	0.2105	0.7792	0.4679	0.0468	0.0762	0.0000	1.0387	0.8182	0.9496	0.9110	0.8117	0.1921	1.3094	0.7407	0.9088	1.1329
G232_00247	0.6264	2.6783	0.8737	0.7121	0.6494	1.6565	1.5120	0.8411	0.7204	2.4382	1.0926	0.5088	0.1656	0.5429	0.8567	0.6286	3.0389	0.7975	1.3818	0.4286	0.8516	0.5812	2.7833	0.5180	0.5545	0.4320	0.6085
G232_00248	1.0287	0.4196	0.9422	0.7549	0.8278	0.4870	0.6566	0.5828	0.6466	0.6935	1.1449	0.7193	0.6030	0.8893	0.8509	0.8762	0.6342	0.6549	0.6424	0.8824	0.6865	0.8084	0.5665	0.7266	0.7391	0.8560	0.7157
G232_00249	0.8206	1.5874	0.7849	0.6031	0.8797	0.9783	0.9940	1.7351	0.5748	0.4866	1.4300	0.4868	0.6624	1.0000	0.8129	0.7333	1.0545	0.8803	1.2485	1.9076	0.8581	0.7532	1.6158	0.1799	0.6339	0.5616	0.8406
G232_00250	0.9604	0.0280	0.8199	0.8054	0.8112	0.7435	0.6687	0.8411	0.6660	0.3441	1.1023	1.0395	0.7389	0.5393	0.3947	0.7714	0.0233	0.6901	0.6000	0.5882	0.6645	0.6364	0.0591	0.6906	0.9512	0.7616	0.8291
G232_00251	0.8186	0.8322	0.8575	0.5409	0.9295	0.6000	0.6627	0.7682	0.6117	0.8038	1.0743	0.5000	0.3163	0.6000	0.8070	0.9810	0.5642	0.6514	0.4303	1.1429	0.9445	0.7922	0.7389	0.3957	0.6918	0.5072	0.7777
G232_00252	0.7849	1.1399	0.7527	0.3424	0.7697	1.0391	0.8494	0.9272	0.6660	1.1694	1.0865	0.8202	0.6263	0.8571	1.2865	0.9429	1.4475	0.6919	0.8727	1.0840	0.8981	0.5909	1.6847	1.3525	0.6621	0.7696	0.7325
G232_00253	0.6640	1.1399	0.7487	0.5175	0.8921	0.9522	0.3313	0.4305	0.4718	0.9301	0.7990	0.5702	0.5117	0.5429	0.6813	1.2857	1.1790	0.8380	0.9515	1.3025	0.7858	0.6688	1.4039	0.5540	0.6362	0.7584	0.7183
G232_00254	0.7958	0.1818	1.0188	0.5525	0.8423	0.6174	0.7892	0.8212	0.6155	0.4489	1.2412	0.4430	0.5520	0.4179	0.7076	0.7810	0.1362	0.7870	0.6909	0.4538	0.8606	1.1071	0.2167	0.7050	0.8002	0.6816	0.6944
G232_00255	1.0694	1.6783	0.7876	0.5875	0.7282	0.5174	0.4578	0.5430	0.5379	1.6048	1.2558	0.7193	0.5860	0.5500	0.6988	0.8286	1.7276	0.6655	0.7212	0.4622	0.6426	0.7532	1.6256	0.4029	0.8070	0.6144	0.7981
G232_00256	1.1487	0.2727	0.6250	0.7432	0.9689	0.6174	0.2892	0.2517	1.0932	0.7608	0.0000	0.7237	0.8832	0.4464	0.0000	0.4667	0.0000	1.2324	0.6000	0.0840	0.7406	0.8636	0.0000	0.4604	1.4638	0.7744	1.0133
G232_00257	0.9851	0.0699	1.3105	1.1984	0.8548	0.7304	1.0422	1.5695	1.1165	0.8817	3.7065	0.7149	1.0892	0.6393	0.7018	0.9714	0.0000	1.1567	0.8909	0.6471	0.8271	1.0260	0.0788	1.0072	1.2258	1.1680	0.9539
