GENE	Rstd	SM102	SM104	SM105	SM108	SM109	SM11	SM122	SM13	SM14	SM18	SM24	SM27	SM28	SM29	SM35	SM36	SM42	SM48	SM57	SM66	SM67	SM72	SM74	SM84	SM9	SM91
G232_00707	0.9177	0.0490	0.7876	0.7237	0.7386	0.3826	0.2530	0.6424	1.0563	0.0484	0.1547	0.9035	0.7749	0.7964	1.2953	1.1048	0.0000	0.7077	0.8000	1.0504	0.5935	0.7955	0.0000	0.4748	0.7941	0.8400	0.9371
G232_00708	0.6809	0.1329	0.9556	0.8132	0.8133	0.5870	0.7771	0.7219	0.7883	0.5108	1.1705	0.8991	0.9703	0.8893	1.0556	0.4381	0.2062	1.2729	0.6242	0.5126	0.8077	0.7468	0.3251	0.7266	0.8528	0.8976	0.8654
G232_00709	0.9633	0.0000	0.9839	0.8949	0.7988	0.8087	0.4337	1.1457	1.1417	0.6371	1.4227	0.8246	0.9979	0.6321	1.5146	0.5429	0.0000	1.0528	0.8424	0.7815	0.8684	0.7727	0.1921	0.7194	0.9580	0.8352	1.0009
G232_00710	0.8731	3.8392	0.8226	0.5681	0.7303	1.3478	1.8735	0.7219	0.7709	3.1210	1.2594	0.7807	0.8705	0.9464	1.0760	1.2190	4.6576	1.0194	0.8424	0.8487	0.8516	1.0974	3.9015	0.9784	0.8146	0.5840	0.7573
G232_00711	0.7998	0.1748	0.6223	0.6109	1.0975	0.5565	0.9337	1.2252	0.6039	0.6828	1.5371	1.0570	0.7665	0.9607	1.2310	0.5143	0.0856	0.7535	0.6788	0.7899	0.8968	0.6364	0.0246	0.9856	0.8299	0.9472	0.6785
G232_00712	0.7800	0.0280	0.6062	0.3424	0.7531	0.5435	0.9578	0.6623	0.9728	0.5430	1.1181	0.8816	0.9597	1.1536	1.4152	0.8571	0.0661	0.9155	1.1576	0.6218	0.7355	0.6299	0.1281	0.4820	0.8307	1.0400	0.9407
G232_00713	0.6184	0.2517	0.7675	0.7393	0.5104	0.6957	0.6446	0.5099	1.0039	0.6156	1.4957	1.5789	1.2208	1.4429	1.5234	0.5810	0.2335	1.0475	0.8303	0.7731	0.8968	0.6494	0.1872	0.5468	0.8467	1.3600	1.0195
G232_00714	0.8236	0.1678	0.8239	0.8599	0.8672	0.7087	0.6566	0.9007	0.8136	0.5403	1.1888	0.8246	0.8450	0.6857	1.0643	0.6952	0.0467	0.7412	0.6848	0.7731	0.6581	0.8571	0.0493	0.7914	0.8871	0.8368	0.8415
G232_00715	1.1417	0.0210	0.8925	1.1012	0.9461	0.7000	1.1566	1.1854	0.6194	0.3360	0.0000	0.9167	0.6306	0.6750	0.0146	1.3714	0.0934	0.9331	0.9091	0.9496	0.9987	0.9610	0.1773	0.8849	0.9817	0.8592	0.9291
