GENE	Rstd	SM102	SM104	SM105	SM108	SM109	SM11	SM122	SM13	SM14	SM18	SM24	SM27	SM28	SM29	SM35	SM36	SM42	SM48	SM57	SM66	SM67	SM72	SM74	SM84	SM9	SM91
G232_08731	0.8424	1.0280	0.6761	0.6809	0.7573	0.6609	0.5482	0.6424	0.6505	1.3091	1.3423	0.9474	0.8174	0.9393	1.1491	0.3333	1.1284	0.9718	0.8424	0.6975	0.6129	0.8994	0.9310	0.4388	0.8299	0.6912	0.8609
G232_08732	0.8305	0.0769	0.9368	0.8444	0.9315	1.0696	0.9819	0.5828	0.5981	0.4435	1.4519	0.7237	0.9469	0.7143	1.5702	1.0381	0.0428	1.1039	1.2242	1.6555	0.6761	0.7370	0.1429	1.1871	0.7056	0.7888	1.0771
G232_08733	0.8722	0.5594	1.1304	0.7354	0.7033	0.7043	0.6747	0.7086	0.5049	0.8495	0.8989	0.3596	0.4034	0.4179	0.8567	0.4857	0.2451	0.6215	0.7758	1.3950	0.7265	0.6753	0.9901	0.4748	0.5881	0.5040	0.4641
G232_08734	0.6174	1.0769	0.6989	0.6615	0.8112	1.4391	1.1386	0.9934	0.7553	0.8575	0.9963	0.7105	1.0064	1.0714	1.1111	1.1238	0.8988	0.7113	0.7576	0.7899	0.8787	1.0682	0.8768	1.2806	0.8085	0.6560	0.7449
G232_08735	0.8454	0.0000	0.9812	0.2529	0.9689	0.5261	0.6807	1.0066	0.8874	0.5833	1.1864	0.5789	0.7091	0.5500	1.0117	0.8476	0.1128	0.6585	0.6606	0.5546	0.8465	0.7662	0.0542	1.0504	0.8085	0.9184	0.9159
G232_08736	1.2547	0.8671	0.7944	0.7588	1.0311	0.9870	0.5060	0.3642	1.1301	1.2070	1.4093	1.6974	0.9788	1.1214	1.2573	0.4952	0.5720	1.1479	1.5091	0.7983	0.8994	0.8636	0.3153	0.6331	0.7643	1.0464	1.1895
G232_08737	0.9445	1.2308	0.8333	0.5370	0.7759	0.9957	0.7530	0.9934	0.8466	0.9677	1.3398	0.7500	0.9045	0.9893	1.0322	0.7524	1.3074	0.7782	0.7394	0.7983	0.7394	0.8539	1.5764	0.8273	0.7818	0.9088	0.7936
G232_08738	0.9217	0.3916	0.8763	0.7782	0.5228	0.5522	0.5000	0.9404	0.7612	0.3011	1.0219	0.8246	0.9130	0.6286	0.5643	0.6476	0.2996	1.0458	0.7394	0.3697	0.2826	0.6429	0.4335	0.5899	0.9298	0.6096	0.7476
G232_08739	0.8930	0.4755	0.8226	0.8755	0.5768	0.5522	0.3012	1.1258	0.8117	0.4624	1.4312	1.2412	0.8854	0.8357	0.6813	0.8762	0.2296	0.9384	1.0970	0.4118	0.4206	1.2792	0.2020	0.5180	0.8688	0.7408	0.9451
G232_08740	1.0030	0.1958	1.0040	0.7276	0.7033	0.6957	0.4578	0.5828	0.8505	0.6989	1.4629	0.7237	0.8514	0.6429	0.8713	1.1333	0.0506	0.8116	0.8424	0.4538	0.6697	1.0649	0.1133	0.4532	1.1564	0.6688	0.8627
G232_08741	0.6977	2.3007	1.0242	0.9961	1.4295	1.0304	0.7651	1.3841	0.6291	0.6559	1.1547	0.4254	0.7006	0.6464	1.0000	0.5524	1.0817	0.7465	0.7152	1.3445	0.6258	1.0000	2.7438	1.0432	0.6529	0.5808	0.6599
G232_08742	1.0852	0.1958	0.9046	0.6265	0.7033	0.5217	0.7771	1.5828	1.0835	0.9785	1.2753	0.6798	0.4968	0.9571	1.0819	0.4095	0.1362	1.0018	1.4364	0.7731	0.8787	0.9026	0.4532	0.8993	0.8535	0.7248	0.9752
G232_08743	0.9455	0.8182	0.8656	0.9183	0.7925	0.7565	0.7410	0.6358	0.7534	0.9758	1.2789	0.7719	0.8089	0.7893	1.2076	0.5238	0.6226	0.7271	0.8061	0.6807	0.6723	0.8994	0.6355	0.7122	0.9252	0.7136	0.9495
G232_08744	0.8176	1.4126	0.7903	0.9805	0.6452	0.9261	1.0060	0.8808	0.8874	1.2446	1.2960	0.6535	0.5732	0.6393	1.1082	0.6095	1.6926	0.8239	0.7152	1.1429	0.8852	0.9221	1.4729	0.8993	0.8215	0.6608	0.8663
G232_08745	0.7592	0.9371	0.9368	0.6887	1.0913	1.1957	1.0663	1.0795	0.6117	0.4570	1.3800	0.7456	0.5584	0.6857	0.9474	0.5524	0.7510	0.7130	0.7455	1.1008	1.1058	0.9513	0.9163	1.1295	0.6690	0.7008	0.7644
G232_08746	0.8553	1.1469	0.9462	0.7977	0.7925	1.0522	1.6747	0.4967	0.8019	1.3387	1.3971	0.9518	0.7452	1.0250	0.7924	0.7429	1.4125	1.0669	0.6606	1.8151	0.7574	0.7110	1.5961	1.3741	0.8124	0.8176	0.8167
G232_08747	0.8176	0.1329	0.5188	0.6926	0.6805	0.5217	0.5120	0.5629	0.8078	1.4220	0.5579	0.8728	1.0573	0.7250	0.4591	0.2571	0.1479	0.8398	0.9515	0.0000	0.9613	0.3669	0.0936	0.7914	0.9375	0.5360	0.9043
G232_08748	0.8741	0.1748	0.8427	0.5642	0.8340	0.9478	1.0060	0.5430	0.7748	0.3145	1.1108	0.8640	0.7962	0.9500	1.1404	0.4667	0.0311	0.7482	0.6000	1.1513	0.8142	0.8506	0.1724	0.7626	0.8566	0.8208	0.8866
G232_08749	0.7384	1.0420	0.8038	0.5253	0.8631	0.7522	0.8795	0.7550	0.7010	0.7177	1.1328	0.6228	0.5945	0.9179	1.2310	0.8095	1.2296	0.8327	0.7152	0.7563	0.7187	0.8409	1.2069	0.8633	0.7582	0.9248	0.8902
G232_08750	0.8751	0.2517	0.8226	0.8016	0.9170	0.8304	0.3193	0.9139	0.8971	0.3495	1.1778	0.4693	0.7389	0.7750	0.8129	0.6476	0.0039	0.9560	0.9636	0.5294	0.6632	0.5519	0.1675	0.6403	1.0069	0.9424	0.6891
G232_08751	0.8741	0.0769	0.6694	0.5292	0.6826	0.9609	0.7952	1.0199	0.8796	0.6478	1.4799	0.8070	0.9384	1.0214	1.1901	0.5905	0.0467	0.9384	0.8182	0.1765	0.5639	0.8149	0.1527	0.3813	0.7635	0.8112	1.0257
G232_08752	0.7294	0.3986	0.6761	0.7821	0.8091	0.6522	0.7229	0.6954	0.8602	0.4543	1.1961	0.7500	0.7325	0.7679	1.2193	0.9524	0.2802	0.7905	0.8364	0.5042	0.8000	0.7240	0.2808	0.5827	0.8261	0.9088	0.8335
G232_08753	1.7037	0.1538	1.8185	2.2529	1.2925	0.7609	1.3434	1.9338	2.3767	0.5511	0.3216	1.8246	2.8726	1.3571	1.2690	2.3810	0.0350	1.3099	0.8424	1.6891	1.8426	0.8312	0.1330	2.1223	0.8192	2.5664	1.3384
