GENE	Rstd	SM102	SM104	SM105	SM108	SM109	SM11	SM122	SM13	SM14	SM18	SM24	SM27	SM28	SM29	SM35	SM36	SM42	SM48	SM57	SM66	SM67	SM72	SM74	SM84	SM9	SM91
G232_05085	0.9633	0.2168	0.8132	0.6420	0.4481	0.6478	0.6145	1.6026	0.8680	1.0376	1.7832	0.8202	0.6327	1.1643	2.0175	0.8952	0.2218	0.7993	1.6364	0.1513	0.7265	0.7565	0.2069	0.8058	1.1243	0.6912	0.9761
G232_05086	0.7156	1.3007	1.1761	0.5525	1.0290	0.6609	1.1687	1.2053	0.5592	1.5565	0.8380	0.4781	0.1699	0.4357	1.6053	0.3714	0.6537	0.4366	0.6303	0.5714	1.0942	1.0877	0.6108	0.5755	0.9336	0.5680	0.5022
G232_05087	0.7899	0.3147	0.8065	0.5486	0.7635	0.5739	0.5301	0.4437	0.6388	0.3952	1.2607	0.6228	0.6497	0.7214	1.0175	0.7714	0.0934	0.8327	0.6182	0.7059	0.7148	0.5455	0.2512	0.5971	0.7986	0.7840	0.8344
G232_05088	0.6125	2.6014	0.8065	0.7743	0.8050	1.2261	1.1867	0.3709	0.9553	2.3306	1.5834	1.0746	0.8174	0.8607	1.0643	0.7619	2.9027	1.0827	0.5455	1.0420	0.4465	0.9610	2.8621	0.9640	0.9771	0.6976	0.8494
G232_05089	0.9286	0.6993	0.7245	0.7004	0.6763	0.4391	0.6747	1.0331	0.8796	0.9409	1.3216	0.6316	0.7771	1.0107	0.9883	0.7810	0.2685	0.8310	0.6364	0.9160	0.4942	0.7630	0.5468	0.3094	0.8841	0.5808	0.8317
G232_05090	1.2170	0.3007	0.9516	0.7977	0.7739	0.5826	0.5181	0.6291	0.7437	0.5027	1.3203	1.1667	0.8832	0.6321	1.2368	0.9714	0.2918	0.6725	0.7939	0.7983	0.6968	0.8701	0.2709	0.4460	0.8383	0.6576	0.9513
G232_05091	1.0030	1.1399	1.1142	0.8677	0.8174	0.6826	0.9277	0.7483	0.7379	1.3306	1.1717	0.7281	0.9130	1.0679	1.0468	0.9905	1.7510	0.8644	1.1636	0.2941	1.0065	0.7208	1.7438	0.7626	0.8871	0.9904	0.8689
G232_05092	0.6967	0.4965	0.7379	0.8171	0.5145	0.7000	0.5723	0.6623	0.7417	0.5323	1.3812	1.0965	0.6115	0.8357	1.0000	0.3810	0.2568	0.8116	0.4424	0.4034	0.7742	0.6071	0.4680	0.9712	0.9428	0.6688	0.8787
G232_05093	0.6432	0.5874	0.7823	0.9689	0.8091	0.8261	1.0241	0.8874	0.6854	0.7849	1.4044	0.8333	0.9384	1.0607	1.1901	0.5333	0.6926	0.8873	0.9030	0.8151	0.7819	0.5552	0.5616	0.5971	0.9077	0.9600	0.8317
