GENE	Rstd	SM102	SM104	SM105	SM108	SM109	SM11	SM122	SM13	SM14	SM18	SM24	SM27	SM28	SM29	SM35	SM36	SM42	SM48	SM57	SM66	SM67	SM72	SM74	SM84	SM9	SM91
G232_00582	9.44	2.24	6.53	1.77	4.46	2.57	1.58	1.29	3.35	5.50	10.02	1.90	4.30	2.95	3.91	1.31	4.92	4.04	1.88	0.64	6.10	2.87	4.27	1.01	11.24	5.01	9.08
G232_00583	7.34	0.26	4.85	1.61	3.40	1.56	1.48	1.23	3.36	2.40	11.20	2.01	1.80	2.07	3.23	0.50	0.18	4.31	1.48	0.87	5.18	2.26	0.21	0.76	9.84	5.52	8.44
G232_00584	6.98	0.20	5.56	2.29	3.60	1.11	1.03	1.16	3.54	1.41	12.04	1.74	4.18	2.27	3.79	0.57	0.29	4.21	1.30	0.82	4.89	2.27	0.24	0.99	12.09	5.81	7.46
G232_00585	18.65	0.34	11.59	4.37	7.94	3.46	2.10	1.31	6.70	1.86	5.85	4.02	6.98	5.11	2.28	1.75	0.23	10.33	1.65	1.56	9.11	2.48	0.49	2.84	12.18	7.65	23.66
G232_00586	6.00	1.73	6.30	1.70	4.48	2.65	1.35	0.98	4.81	4.99	11.60	1.19	3.33	2.90	5.96	0.98	4.61	5.83	1.31	1.04	7.08	2.90	3.15	0.61	9.98	3.96	11.22
G232_00587	10.06	0.94	6.87	1.87	3.74	2.38	1.42	1.24	3.65	3.00	11.49	1.99	3.94	2.66	3.91	1.14	1.70	5.44	1.36	0.64	7.30	3.12	1.44	1.57	11.36	4.39	10.74
G232_00588	8.14	0.68	5.61	1.77	4.66	2.18	1.02	1.05	3.80	1.38	5.68	1.09	3.87	1.66	1.61	0.77	0.85	3.57	1.41	0.68	5.73	2.98	0.91	0.61	10.86	4.89	7.99
G232_00589	12.21	5.39	7.29	1.12	2.89	2.90	1.43	1.18	4.69	9.66	12.14	3.17	3.16	2.71	3.46	1.08	11.82	8.59	1.29	1.24	5.06	3.17	8.63	0.53	11.67	5.98	9.26
G232_00590	9.32	0.00	6.86	3.15	3.60	1.44	1.00	1.95	3.90	1.83	10.23	0.91	3.07	2.60	3.20	0.69	0.00	4.92	1.19	0.50	5.31	1.75	0.17	1.54	11.43	7.92	8.48
