GENE	Rstd	SM102	SM104	SM105	SM108	SM109	SM11	SM122	SM13	SM14	SM18	SM24	SM27	SM28	SM29	SM35	SM36	SM42	SM48	SM57	SM66	SM67	SM72	SM74	SM84	SM9	SM91
G232_07764	9.75	0.33	6.11	2.32	3.62	1.70	1.07	1.16	5.49	2.70	7.27	1.99	3.04	3.01	4.86	1.08	0.00	5.21	0.95	0.81	6.71	2.67	0.23	0.92	12.37	6.42	8.58
G232_07765	8.32	0.00	7.11	1.72	2.76	3.13	0.84	1.81	3.43	1.81	12.56	1.87	2.93	2.98	4.80	0.66	0.00	5.58	1.44	0.36	6.70	3.13	0.00	2.05	7.21	3.58	10.12
G232_07766	9.87	1.27	6.89	1.74	4.56	1.66	1.42	1.18	3.48	3.19	11.46	1.51	4.18	1.96	4.80	0.60	2.97	4.29	1.76	1.14	6.39	3.00	2.38	0.71	10.37	4.54	10.43
G232_07767	8.27	0.00	6.99	2.11	3.39	1.07	1.49	1.15	3.95	2.23	10.06	1.33	2.76	1.98	4.16	0.89	0.03	5.34	1.35	0.95	5.96	1.63	0.15	0.63	9.82	5.64	9.82
G232_07768	9.98	8.12	7.24	1.84	3.54	3.81	2.25	1.01	4.83	17.49	12.18	1.70	4.94	2.63	3.10	0.96	18.45	6.14	2.01	1.03	5.92	2.78	13.29	0.62	11.60	4.99	8.63
G232_07769	8.13	0.32	4.80	1.80	3.63	1.58	1.42	1.10	5.99	2.83	12.33	1.60	3.58	3.32	4.01	1.20	0.95	4.31	1.54	0.82	7.02	2.87	0.56	1.13	11.94	4.95	7.94
G232_07770	6.18	0.89	5.88	2.39	3.61	2.02	1.27	1.76	3.87	2.94	10.76	2.00	2.36	2.49	4.78	0.70	0.30	4.81	1.86	0.45	8.08	2.59	0.47	1.15	14.36	5.96	10.97
G232_07771	7.73	1.14	5.03	1.66	3.70	1.81	1.31	0.95	4.18	3.31	9.18	1.78	3.23	2.25	4.86	0.91	2.59	6.19	2.02	0.91	6.62	1.76	2.10	0.29	10.95	6.40	10.20
G232_07772	4.69	9.51	4.24	1.87	2.82	4.23	1.98	0.89	3.03	18.67	11.56	1.17	4.78	2.31	2.30	0.70	21.87	3.67	1.48	1.34	3.11	4.25	17.21	0.63	9.68	3.71	10.15
G232_07773	8.67	2.49	5.96	2.00	4.25	1.99	1.63	1.26	4.16	3.75	9.45	2.17	3.22	2.49	3.72	0.85	4.30	5.69	1.22	0.96	6.88	2.64	2.90	1.15	10.62	5.36	9.23
G232_07774	8.15	0.24	4.38	1.80	3.19	1.99	1.44	1.22	6.01	2.76	13.71	2.07	3.09	2.59	4.43	0.30	0.00	4.93	1.34	0.58	5.40	2.81	0.10	1.93	11.92	4.36	9.33
G232_07775	6.89	0.11	7.97	2.38	3.86	0.52	1.09	1.07	3.60	3.27	13.62	1.41	3.46	2.59	4.24	0.75	0.00	7.01	1.05	0.82	7.97	0.64	0.11	0.43	13.42	6.85	13.46
G232_07776	7.91	1.40	4.78	1.37	4.49	2.26	1.66	0.86	2.91	4.04	8.41	0.79	3.08	1.88	3.15	0.74	2.54	3.28	1.06	1.22	6.30	1.08	2.91	1.67	8.49	3.42	5.97
G232_07777	8.20	1.34	6.74	2.15	4.80	1.96	1.05	1.18	4.37	3.19	13.69	1.77	3.86	2.28	4.52	1.03	1.68	4.66	1.03	0.66	8.13	2.31	1.61	0.87	9.88	3.99	10.42
G232_07778	7.55	0.23	5.56	2.36	4.57	2.13	1.46	1.60	3.49	1.49	10.43	1.18	2.94	2.07	4.26	0.82	0.18	5.22	0.99	1.70	7.89	3.09	0.09	0.46	11.49	3.79	8.30
G232_07779	9.89	0.82	7.86	1.87	3.25	1.61	0.88	1.89	5.44	2.30	9.23	1.48	4.76	2.50	4.87	0.66	1.28	4.21	1.51	0.84	5.56	1.89	0.91	0.81	11.52	5.31	10.06
G232_07780	8.73	1.20	5.83	1.90	3.86	1.51	1.45	1.02	3.77	2.55	10.12	1.70	3.90	2.49	3.26	0.74	1.22	4.28	1.52	0.78	5.32	2.55	1.68	0.65	10.85	4.22	9.86
G232_07781	6.99	9.47	7.13	0.89	3.13	4.54	3.40	1.36	6.11	12.11	11.94	1.77	3.59	2.68	3.92	1.12	18.25	5.61	2.47	1.11	5.77	1.43	11.95	1.00	11.90	6.82	9.31
G232_07782	10.20	3.17	5.86	1.91	3.19	2.86	1.50	1.17	4.34	4.76	9.48	1.71	2.98	3.43	4.82	1.00	4.53	5.14	1.39	1.24	6.95	3.38	4.49	1.15	10.87	4.72	9.46
G232_07783	5.18	10.03	4.84	1.81	3.41	2.93	2.01	0.65	4.03	17.90	13.29	1.14	5.01	2.84	5.65	0.74	21.04	8.13	1.53	1.50	4.43	1.79	15.13	0.30	13.39	4.98	10.77
G232_07784	7.40	0.50	5.27	1.32	2.98	1.17	1.40	0.84	2.69	1.87	9.39	2.04	3.13	2.01	3.42	0.66	1.61	4.57	1.21	1.06	6.02	2.04	0.55	1.07	10.53	3.64	8.46
G232_07785	10.76	1.30	7.28	1.76	3.13	2.42	1.98	0.60	4.12	4.19	10.10	3.16	4.77	2.39	4.41	1.14	7.81	4.67	2.31	0.41	6.26	2.81	3.12	1.09	10.79	5.20	10.51
G232_07786	7.74	2.51	5.67	1.98	4.03	2.40	0.93	1.67	4.51	6.05	9.82	1.97	3.11	1.52	3.52	1.15	6.11	5.20	1.48	1.03	6.24	2.51	4.30	0.93	11.29	5.85	9.24
G232_07787	6.90	1.52	7.39	2.14	3.18	1.44	1.41	1.47	3.71	3.45	12.21	1.50	4.30	2.59	4.23	1.08	2.16	4.89	1.40	1.31	7.56	2.61	1.87	1.17	10.53	5.03	10.34
G232_07788	9.12	2.50	7.62	1.87	3.88	1.50	0.94	1.38	3.83	4.32	10.08	1.84	2.85	2.30	3.90	0.79	3.02	3.66	1.15	1.02	6.60	2.51	2.80	0.82	10.82	5.44	10.03
G232_07789	9.58	0.12	7.23	1.48	4.63	1.76	0.71	1.21	3.86	1.71	8.35	2.62	3.83	2.29	3.24	0.12	0.00	4.52	0.49	0.93	8.82	2.28	0.18	0.97	9.65	3.34	8.93
G232_07790	6.89	0.97	5.70	2.57	3.68	2.21	1.21	1.53	3.05	2.45	11.19	1.68	2.75	2.64	4.00	1.27	1.51	4.04	1.37	1.17	7.41	1.60	1.91	1.49	8.32	3.43	8.74
G232_07791	9.09	1.10	7.35	2.03	4.87	2.36	1.36	0.92	5.25	2.62	10.50	1.77	3.74	1.70	3.97	0.62	0.71	4.53	1.35	0.55	8.13	2.26	0.79	0.83	10.89	4.99	8.87
G232_07792	10.28	2.03	4.91	1.52	3.60	1.48	0.80	1.42	4.48	2.98	11.04	2.03	3.41	2.82	4.37	0.63	3.36	4.60	1.05	0.80	5.00	2.45	2.25	0.69	10.06	3.67	9.56
G232_07793	11.31	0.00	6.51	1.85	3.27	1.82	0.90	2.17	5.20	1.23	0.00	2.33	4.62	1.93	0.00	0.93	0.00	6.41	1.64	0.97	5.94	2.71	0.04	0.56	11.62	5.25	10.00
G232_07794	9.90	0.33	4.41	2.62	3.46	2.03	0.83	0.83	3.93	3.81	11.51	2.17	3.34	2.76	2.95	0.58	0.25	5.41	1.43	0.67	5.30	2.45	0.23	0.88	10.27	4.30	12.87
G232_07795	8.46	0.76	5.86	1.83	3.48	1.31	0.93	0.79	3.91	2.33	8.60	1.72	2.72	2.01	3.36	1.01	0.92	3.37	1.29	1.49	6.15	2.04	1.09	1.30	12.16	4.91	9.39
G232_07796	9.72	0.01	5.94	1.43	3.79	2.18	2.15	1.85	4.92	0.43	12.15	0.59	2.70	2.35	4.50	1.24	0.00	3.27	1.67	0.39	7.00	2.22	0.01	1.67	12.01	3.97	9.23
G232_07797	7.50	1.23	6.28	1.67	3.34	1.76	1.27	2.33	2.87	3.95	11.73	2.30	4.18	2.40	3.75	0.33	2.48	5.69	1.64	1.07	4.66	3.14	1.64	0.85	12.29	5.04	9.23
G232_07798	8.65	0.49	6.89	1.95	3.74	2.45	1.47	1.55	4.18	1.89	11.98	2.19	3.21	2.31	3.18	1.09	0.22	4.73	0.88	1.58	6.44	1.65	0.67	1.06	11.74	3.99	10.56
G232_07799	7.56	5.71	6.85	2.53	4.71	2.90	2.18	1.33	2.31	9.96	8.80	2.41	3.70	1.95	3.27	0.87	9.36	4.51	1.10	1.10	7.20	2.69	7.47	1.05	7.35	3.88	9.70
G232_07800	9.90	0.52	6.64	2.44	4.21	1.73	1.24	3.69	3.55	1.12	4.72	1.78	4.49	0.36	0.35	0.74	0.00	1.97	0.70	0.71	5.83	1.36	0.00	0.69	8.33	4.00	5.82
G232_07801	7.45	2.35	6.96	1.65	4.97	2.45	1.23	1.85	4.37	5.24	11.41	1.99	4.92	3.22	3.86	0.93	3.89	4.90	1.31	1.13	7.46	2.33	4.22	0.63	11.31	5.46	9.98
G232_07802	8.31	0.91	4.63	1.26	2.81	1.92	1.28	1.29	3.80	2.78	14.17	2.16	3.53	1.14	4.59	0.82	2.64	4.98	0.00	0.15	3.82	2.74	1.88	0.54	10.07	4.16	11.69
G232_07803	10.45	3.44	6.21	2.15	5.09	1.92	1.24	1.08	3.91	5.17	8.37	1.44	3.29	1.95	3.96	1.08	4.31	5.58	1.62	0.81	5.36	2.99	3.32	0.85	11.16	4.69	9.44
G232_07804	7.61	1.26	6.05	1.75	2.93	1.96	0.99	0.96	3.08	2.71	8.64	1.08	2.83	1.68	2.71	0.88	2.71	3.35	1.16	0.96	4.87	2.45	2.18	1.60	9.00	3.46	7.60
G232_07805	6.28	2.87	6.90	1.17	5.69	2.13	1.49	1.55	3.79	4.23	13.23	1.16	3.36	1.43	4.51	1.08	4.78	4.38	0.81	1.16	7.61	2.57	2.33	1.10	13.26	5.40	9.47
G232_07806	6.95	4.89	6.98	2.19	4.36	2.92	2.31	1.38	3.96	12.73	13.37	1.37	2.62	3.20	4.23	0.84	12.80	4.49	2.51	1.95	8.60	2.67	10.05	1.65	8.42	5.93	8.21
G232_07807	9.36	0.92	6.80	2.28	3.97	1.56	1.55	1.31	5.02	2.55	11.04	1.47	3.35	2.51	3.72	0.95	1.68	4.38	1.50	1.24	6.16	2.49	1.32	1.19	11.95	5.54	9.22
G232_07808	7.36	1.18	6.93	2.59	4.04	2.01	1.14	1.25	3.48	3.54	11.33	1.24	4.19	3.56	3.48	0.39	1.85	4.73	1.05	0.48	5.60	2.74	2.02	0.89	11.66	4.53	9.07
G232_07809	6.90	2.34	6.08	1.91	4.13	2.09	1.64	2.45	3.26	7.61	12.28	1.70	4.07	2.72	2.77	1.31	6.31	4.93	1.42	1.42	6.30	3.30	3.84	1.11	11.59	5.29	10.11
G232_07810	7.59	1.22	6.62	2.27	3.29	1.37	0.99	0.89	3.93	2.96	10.07	1.75	3.99	2.56	2.91	0.97	1.42	4.85	1.82	1.00	6.42	2.49	1.63	0.44	12.82	5.73	10.53
G232_07811	10.31	5.88	7.65	1.43	3.09	2.91	2.27	1.76	4.42	10.63	14.20	1.34	3.56	2.74	4.98	1.03	10.65	6.97	2.10	1.20	5.13	2.08	6.95	1.64	11.94	6.47	12.24
G232_07812	11.54	0.98	6.42	1.25	2.99	2.04	0.69	1.26	3.83	2.90	13.95	2.59	4.03	2.93	3.72	0.96	1.34	4.61	2.05	0.95	4.92	2.55	1.19	0.96	11.82	4.89	9.79
G232_07813	8.10	1.04	7.26	2.72	4.62	1.99	1.63	1.25	4.65	2.23	10.65	2.32	5.30	2.62	3.88	1.33	2.61	5.50	1.03	0.55	7.79	2.83	1.67	1.10	11.76	4.91	9.52
