GENE	Rstd	SM102	SM104	SM105	SM108	SM109	SM11	SM122	SM13	SM14	SM18	SM24	SM27	SM28	SM29	SM35	SM36	SM42	SM48	SM57	SM66	SM67	SM72	SM74	SM84	SM9	SM91
G232_09706	1.2825	0.0210	0.8858	1.1206	0.7344	0.6957	0.3795	0.6490	1.0233	0.1935	0.0000	0.8904	1.1550	0.8286	0.0556	0.3810	0.0000	0.8838	0.7818	1.0336	0.8026	1.0162	0.0591	0.2950	0.6918	0.9024	0.9017
G232_09707	0.9931	0.3427	0.9892	0.9572	0.8216	0.5957	0.5964	0.8543	0.7204	0.5054	0.0938	0.9912	0.7665	0.6714	0.0322	0.6190	0.2568	0.8891	0.0000	0.7227	0.9187	0.0260	0.3300	0.4029	0.0084	0.7552	0.8964
G232_09708	0.6759	0.2098	1.1304	0.7160	0.9461	0.9043	0.6506	0.6954	0.4816	0.4677	1.3605	0.8991	0.7197	1.1750	1.3012	0.8952	0.0000	0.7412	0.9515	1.0168	1.1419	0.7695	0.0000	1.1799	0.8696	0.6832	0.9823
G232_09709	1.0099	0.8042	0.8817	0.7043	0.7697	0.8130	0.7771	0.9801	0.8039	0.8844	1.4495	0.6974	0.7622	0.8500	1.2339	0.8857	1.0973	0.8944	0.8485	1.0168	0.7213	0.8539	0.8768	0.5180	0.9458	0.7952	0.8973
G232_09710	0.5818	0.6923	0.6922	0.9455	0.7842	0.7609	0.9277	1.1325	0.8408	0.6532	1.3057	0.8596	0.6051	0.7429	1.0789	0.7238	0.7549	0.7535	0.4909	0.5042	0.7471	0.8312	0.4433	0.6619	0.8375	0.7696	0.8220
G232_09711	1.0198	0.2587	1.0242	0.5798	0.9253	1.2130	0.5663	1.2384	0.6854	0.5188	1.2071	0.7500	0.7792	0.8893	1.2368	0.7143	0.3541	0.8257	0.8424	0.7647	0.9703	1.1948	0.3941	0.7482	0.7101	0.8384	0.8291
G232_09712	0.7978	1.3776	0.8804	0.9339	0.8320	1.1043	0.9096	0.7417	0.8563	1.2715	1.5323	0.8377	0.9172	1.1571	1.2573	0.9143	1.5837	1.0458	0.8364	0.6387	1.0361	0.7403	1.3842	0.9209	0.9100	1.0304	0.8990
G232_09713	0.8563	0.3566	0.8360	0.9183	1.0560	1.0826	1.1988	1.3113	1.3359	0.6425	1.3398	0.8772	0.8365	1.4107	1.5409	0.8667	0.1556	1.0775	0.8667	0.1933	1.0839	0.9156	0.1675	0.6187	0.7643	1.0240	0.8857
G232_09714	1.1397	3.2448	0.9194	0.6887	0.6203	0.7739	1.0060	1.0199	1.0524	3.2581	1.2741	1.0746	0.8917	1.2750	1.3099	0.6952	3.5331	1.1461	0.7515	0.8655	0.7032	1.0877	2.3498	1.0432	0.9695	1.0896	1.1577
