GENE	Rstd	SM102	SM104	SM105	SM108	SM109	SM11	SM122	SM13	SM14	SM18	SM24	SM27	SM28	SM29	SM35	SM36	SM42	SM48	SM57	SM66	SM67	SM72	SM74	SM84	SM9	SM91
G232_05410	7.62	2.06	6.81	1.98	3.49	2.42	1.21	1.14	4.54	6.18	9.96	2.08	2.59	3.60	4.27	1.20	7.26	4.90	2.00	0.96	5.30	2.79	4.47	0.73	12.10	3.79	10.21
G232_05411	10.10	3.03	6.76	1.64	3.83	2.92	1.29	1.66	4.06	6.37	10.70	2.27	4.63	2.59	4.56	1.23	6.53	4.74	1.43	1.11	6.33	3.60	4.59	1.02	11.54	7.20	9.82
G232_05412	8.24	0.65	7.07	1.77	4.23	1.90	1.37	1.28	3.64	1.93	9.30	1.69	2.43	2.28	3.63	0.98	1.12	4.94	1.41	1.05	5.93	2.85	0.77	1.50	10.51	5.07	10.24
G232_05413	4.81	0.44	7.49	2.20	4.04	2.23	2.87	1.88	3.50	3.49	10.94	2.39	3.02	1.91	3.71	1.41	0.68	4.17	0.00	1.59	6.09	3.38	1.46	1.69	10.63	4.62	12.94
G232_05414	6.92	1.24	7.89	2.39	4.32	1.46	0.95	0.76	5.07	3.14	10.70	1.70	4.28	2.50	4.49	0.84	1.48	5.92	1.49	0.31	6.85	3.24	1.21	1.56	10.09	5.53	8.61
G232_05415	6.58	2.59	3.92	0.57	5.06	2.61	2.63	1.57	3.08	4.73	11.04	1.43	3.75	1.41	2.83	0.76	6.50	3.25	1.63	0.79	5.38	2.72	4.32	1.10	13.48	3.17	6.96
G232_05416	9.51	1.92	7.19	1.86	3.92	2.25	1.72	0.83	3.67	5.50	9.52	2.33	3.79	2.62	3.22	1.11	3.69	4.04	1.00	1.10	6.93	2.49	2.65	0.94	8.39	5.24	8.75
G232_05417	6.36	0.07	6.04	2.06	4.18	1.50	1.61	1.19	4.10	1.44	8.79	2.54	4.25	3.51	2.04	0.50	0.18	4.81	1.54	1.07	9.33	1.83	0.36	1.54	10.97	5.00	10.96
G232_05418	4.80	1.47	5.82	1.31	4.37	1.44	1.45	0.77	3.33	4.09	10.78	1.20	2.71	2.73	4.33	0.76	1.63	4.83	1.02	0.57	6.73	2.32	1.65	0.85	11.44	4.46	10.56
