GENE	Rstd	SM102	SM104	SM105	SM108	SM109	SM11	SM122	SM13	SM14	SM18	SM24	SM27	SM28	SM29	SM35	SM36	SM42	SM48	SM57	SM66	SM67	SM72	SM74	SM84	SM9	SM91
G232_01432	0.8761	0.0490	0.8091	1.1556	0.7178	1.0478	0.7410	0.7020	0.7903	0.5914	1.4239	0.6974	0.7707	0.9893	1.3187	0.8476	0.0000	0.7923	0.5030	0.5210	0.9871	0.7435	0.1478	1.0935	0.8986	0.6624	0.8911
G232_01433	0.9703	0.3357	0.9220	0.8677	1.3714	0.6391	0.6627	0.9404	0.5515	0.8306	1.3569	0.6316	1.0276	0.8643	1.3450	0.6762	0.3541	0.6144	1.0545	0.7059	1.0839	0.7305	0.3448	0.8849	1.1937	0.8896	0.8893
G232_01434	0.9524	0.6224	0.9395	0.8093	0.7656	0.7783	0.7108	1.1258	0.8039	0.6263	1.4689	0.8333	0.8047	0.9536	1.3012	0.7429	0.6109	0.7870	0.9697	0.7479	0.9781	0.5032	0.3793	0.6619	0.8032	0.9664	0.7183
G232_01435	0.7126	0.7832	0.6774	1.0817	0.8963	0.7913	0.9880	1.0331	0.6660	1.1989	1.4677	0.6316	0.9936	0.7929	1.2515	1.2857	1.0739	0.8028	0.6485	0.9664	0.8606	0.6558	0.6256	1.3525	0.9771	0.9824	0.8795
G232_01436	0.9911	3.0000	0.9798	0.6381	0.9149	1.3304	1.2530	0.4702	1.5010	2.3978	1.7454	1.0570	1.1868	1.5321	1.4942	1.5143	3.2374	1.1232	1.6121	0.9496	1.3819	0.9383	3.2660	0.2590	1.1243	1.1552	1.3313
G232_01437	1.0347	0.2937	0.8723	0.8599	0.7095	0.6913	0.7651	0.9934	0.9049	0.7392	1.4214	0.7149	0.8811	0.8821	1.1725	0.9524	0.3385	0.7782	0.9394	0.8151	0.8077	0.8442	0.3300	0.7914	0.9245	0.9264	0.8990
G232_01438	0.8692	0.1469	0.8038	0.7432	1.2241	0.6957	0.7530	1.2252	0.8524	0.4409	1.3581	1.0132	0.6730	1.0179	1.4035	0.5619	0.0584	0.6919	1.1758	1.0084	0.5032	1.0130	0.0197	1.0719	0.8436	0.8128	0.9805
G232_01439	0.6056	1.1678	0.7110	0.4981	0.9730	0.8391	0.3554	0.6291	0.9592	1.0000	1.2424	0.8904	0.6072	0.9393	1.3567	0.5714	1.2257	0.6567	0.6727	0.1092	0.5781	0.5519	1.1478	0.4532	0.7696	0.6640	1.2365
G232_01440	0.7364	0.9021	0.8414	0.6459	0.8382	1.0174	0.9217	0.7616	0.7748	1.3548	1.3435	0.7807	0.9958	0.6107	1.1901	1.0571	0.5837	0.8275	1.2242	1.1513	0.7497	0.9545	0.5517	0.8417	0.8474	0.7232	0.8016
G232_01441	1.0476	0.3077	0.7755	0.8638	0.6328	0.5652	0.5783	0.7351	0.8816	0.5726	1.5907	0.7325	0.8450	1.0143	1.2953	0.5810	0.0895	0.7711	0.5333	0.3277	0.6168	0.7045	0.1773	0.4173	0.8528	0.6048	0.8051
G232_01442	0.7839	1.0699	0.8185	0.4708	1.0041	1.1217	1.5000	1.0861	0.9107	1.0081	1.0609	0.6316	0.8004	0.6786	0.8421	0.9524	1.1362	0.9824	0.3091	1.0420	1.0374	0.6656	1.0394	0.6259	0.7635	0.6256	1.0275
G232_01443	0.9792	1.4196	0.6371	0.9611	0.7012	0.8739	0.6325	0.4834	0.7728	2.1694	1.3764	1.5088	0.8641	1.1929	0.8626	0.3143	1.3113	0.7993	0.4909	0.4370	0.7432	0.5292	2.3005	0.5899	0.7140	0.7840	1.0266
G232_01444	0.9792	0.0000	0.9059	0.6965	1.2282	0.7174	0.5482	0.3642	0.9806	0.4435	0.5384	1.3596	0.7155	1.1321	0.5673	1.2286	0.0000	0.8310	1.9455	0.4118	0.8671	1.0227	0.1084	0.1151	0.8223	0.6320	0.5190
G232_01445	0.9713	0.1748	0.9597	0.8872	0.8299	0.8217	0.7530	0.7550	0.7573	1.0618	1.1803	0.6404	0.8025	0.7571	1.1345	0.9524	0.3891	0.7835	0.8727	0.4958	0.6981	0.9351	0.4631	0.5827	0.8497	0.7776	0.9176
G232_01446	0.9812	1.4196	0.9530	0.6498	0.8693	0.9043	0.9880	0.9205	0.8466	1.2634	1.3082	0.8114	0.7813	0.9821	1.0058	0.6857	1.5681	0.8944	1.0121	0.9076	0.7716	0.8279	1.4975	0.6835	0.9039	0.7632	0.8291
G232_01447	0.9990	2.7972	0.8992	0.7743	0.6639	0.7478	0.9337	0.6821	0.8660	1.7446	1.4287	0.6579	0.8047	0.8786	1.7953	0.5524	2.2412	0.9613	0.6364	1.0000	0.5781	0.8864	2.5813	0.9353	0.9771	0.5872	0.9646
G232_01448	0.8097	1.2657	1.1022	1.2140	0.6826	1.3087	0.7470	0.8278	0.7340	0.4839	1.1730	1.2719	0.5329	0.8500	1.3099	0.8000	0.6498	0.7535	1.2424	1.8235	1.0981	0.5227	1.0640	0.8201	0.7216	1.0112	0.9823
G232_01449	0.7711	1.0839	0.8360	0.6381	0.6618	1.1043	1.5723	0.6490	0.6485	1.1828	1.2741	0.5833	0.7410	0.8071	1.4737	0.8000	1.0389	0.6303	0.6909	1.4790	0.8426	1.0552	1.4631	0.5612	0.9497	0.7888	0.9637
G232_01450	0.8632	1.8881	0.7204	0.6537	0.8257	0.8304	0.9277	0.8808	0.9282	1.6048	1.4592	0.5789	0.9023	0.8536	1.1813	0.7810	2.7977	0.8504	1.0970	0.6723	0.8955	0.7305	2.3645	0.4532	0.9375	0.8528	0.8964
G232_01451	0.7661	0.7203	0.7540	0.8911	0.7386	0.7304	0.8253	0.4437	1.1146	0.9516	1.2935	0.9430	0.7941	0.6929	1.1901	0.8095	0.8327	0.9947	1.1939	1.4622	0.8090	0.5260	0.8621	0.9712	0.8940	0.8384	1.1054
G232_01452	0.9049	0.9231	0.8871	0.8638	0.6743	0.7913	0.5060	1.1192	0.7767	0.9355	1.4263	0.8553	0.9830	1.0321	1.2544	0.8476	1.4475	0.8592	0.7455	1.0000	0.6658	0.6721	1.3350	0.5971	0.9550	1.1296	0.8503
G232_01453	0.9732	1.1888	0.8441	0.7938	0.9149	0.8087	0.6386	0.8940	0.7864	1.2097	1.3143	0.7281	0.7431	1.0036	1.1901	0.9143	1.5175	0.8081	0.7636	0.5630	0.7123	0.8766	1.2266	0.5036	0.9443	0.7840	0.8875
G232_01454	0.8563	0.0629	1.0645	0.6576	0.4855	0.7435	0.5482	0.5629	0.8874	0.4731	1.1145	0.5088	0.6242	0.9750	1.3713	0.1048	0.0195	0.9437	1.0424	0.9412	0.8000	0.6558	0.0246	0.4173	0.9367	0.8864	1.0292
G232_01455	0.8444	0.0490	0.9140	0.4086	0.7884	0.8609	0.6145	0.6556	0.8757	0.5511	1.2436	0.9912	0.4628	0.4357	1.1637	1.1905	0.0545	0.6303	0.5152	0.7983	0.5910	0.6786	0.1084	0.6115	0.6773	0.5920	0.7706
G232_01456	0.7641	0.2937	0.7339	0.9183	0.9896	0.8522	0.7771	1.1060	0.6602	0.3978	1.2680	0.9123	0.5563	0.9286	1.1345	0.7429	0.2802	0.5616	0.6970	0.3445	0.8697	1.2662	0.3448	0.2014	0.8063	0.5648	0.6572
G232_01457	0.5401	0.7622	0.6694	0.7393	0.6577	0.8304	0.6928	1.0530	0.9573	0.7769	1.3983	0.7763	0.7877	0.8607	1.2398	1.0190	0.7626	0.9683	0.8303	0.8655	0.6116	1.1006	0.6946	0.8273	0.8139	1.0096	0.9052
G232_01458	1.2131	0.7902	1.0242	1.1362	1.1349	0.5435	0.6627	1.3576	0.8117	0.7984	1.3435	0.8070	0.7261	0.8321	0.5556	0.4857	0.7198	0.7694	0.6000	0.5966	0.8103	1.1364	0.6059	0.8058	0.6506	0.6944	0.7963
G232_01459	0.7146	0.9580	0.9637	0.8872	0.8299	0.7870	0.8614	1.0464	0.8330	1.0968	1.2363	0.7412	0.7516	0.9214	1.0029	0.5619	1.1907	0.8627	0.9333	1.0420	0.7871	0.7208	1.0985	0.5683	0.8619	0.8848	0.7901
G232_01460	0.7562	4.6154	0.7957	0.9300	0.5539	0.7957	1.8193	1.2914	0.7922	3.4758	1.4750	0.9167	0.7919	1.4821	1.2222	0.6476	5.7354	1.3732	1.7212	1.6387	0.7819	0.8506	4.9901	0.3094	0.7452	0.6976	0.8911
G232_01461	0.7245	0.0909	0.8871	0.6304	0.8548	0.6522	0.8554	0.5298	0.6893	0.2473	1.1255	0.7632	0.9087	1.1571	1.5351	0.8857	0.0272	0.8239	0.7818	0.7899	0.9342	0.9578	0.0000	0.5324	0.8909	0.7632	0.8822
G232_01462	0.5421	0.3077	0.6895	0.5409	0.8651	0.9348	0.6627	0.8411	0.7068	0.6452	1.1449	0.5044	0.8471	1.2679	2.5409	0.2952	0.4008	0.8891	0.6970	0.4034	0.8477	0.7727	0.4877	0.7482	1.0107	0.8256	0.7050
G232_01463	0.4817	0.4056	0.5860	0.8833	0.7427	0.4435	1.1807	0.8278	0.6252	0.4973	1.1376	0.5614	0.6900	0.4536	0.9737	1.2762	0.7782	1.1215	0.6606	1.0672	0.7471	0.5325	0.6108	0.7482	0.7544	0.7424	0.8521
G232_01464	0.4618	0.6294	0.5645	0.4591	0.9274	0.7348	0.7952	0.9868	1.1126	0.9086	1.7942	0.8860	0.7070	0.8857	1.1637	1.1714	1.5953	0.6831	0.4727	0.5882	0.7510	0.8506	0.7438	0.9784	0.8047	0.7056	0.7316
G232_01465	0.6967	0.9441	0.9005	0.7588	0.8755	0.8130	0.9096	0.7152	0.7592	0.8522	1.1535	0.9167	0.6730	0.8500	1.0117	0.5905	0.4669	0.7905	1.0364	1.0336	0.8929	0.8084	0.7044	0.6906	0.7735	0.8048	0.7626
G232_01466	0.7324	0.0000	0.8925	0.9105	0.9378	0.7478	0.8012	1.0066	0.8544	0.4167	1.0280	0.7719	0.7941	0.7179	0.7281	0.6667	0.0000	0.7165	0.7636	0.8824	0.7574	0.7013	0.0345	0.9640	0.9786	0.5584	0.8645
G232_01467	0.7641	0.2238	0.9435	0.8833	0.9232	0.6783	0.7349	0.8411	0.9883	0.4892	1.2923	0.7939	0.7028	0.6643	0.9123	0.9429	0.1712	0.6232	0.6788	0.5546	0.7239	0.7143	0.3202	0.5396	0.8909	0.8560	0.8618
G232_01468	1.3885	5.3077	1.1008	1.1673	1.1203	2.3130	1.4036	0.1391	0.9340	3.5108	2.1072	0.5219	0.9809	1.5429	1.0994	0.7143	5.5370	1.4155	1.6545	1.4118	1.0142	0.7175	5.7241	1.1942	0.8299	0.8032	0.9460
G232_01469	0.8464	0.0000	0.7460	0.7354	0.6307	0.4609	0.2169	0.5298	0.6563	0.6989	1.3496	0.9298	0.7749	0.5143	1.4327	0.7143	0.1245	0.8556	1.0970	1.1176	0.6168	0.6331	0.1232	0.5612	0.8200	0.5232	0.5810
G232_01470	0.8355	1.2867	0.9583	0.9105	1.0228	0.7087	1.1265	1.1523	0.9650	1.3306	1.4129	0.7763	0.7962	0.7536	1.3363	0.8857	2.1712	0.7042	0.5091	0.8319	0.6955	0.8214	1.8424	0.5755	1.0031	0.9056	0.7617
G232_01471	0.6759	0.4476	0.8172	0.5953	0.7261	0.3304	0.8795	0.4901	0.7049	0.6720	1.1876	0.3114	0.4098	0.8750	0.9854	0.2476	0.1518	0.7694	0.4545	0.7479	0.7948	0.8409	0.2562	0.1727	0.7376	0.6912	0.7095
G232_01472	0.8989	1.6853	0.7527	0.9611	0.6846	0.7783	1.0241	0.3245	1.1534	1.1102	1.4397	0.7939	0.8408	0.9143	1.0351	1.2762	1.0467	1.0827	1.0303	0.7731	1.1032	0.7305	1.1576	0.7482	0.7887	0.9824	1.0744
G232_01473	0.6085	5.0140	0.6156	1.0584	0.6079	1.6000	1.5602	0.8278	0.6932	5.0645	1.1608	1.2237	1.1677	1.0214	1.5263	0.7238	6.7821	0.8908	0.6364	0.7983	0.6994	0.8019	5.7783	0.5612	0.8444	0.7184	0.9539
G232_01474	0.9366	0.6084	0.7433	0.7860	0.8983	0.6696	0.7349	0.6556	0.7223	0.7688	1.3167	0.9342	0.8110	0.8714	1.1199	0.5810	0.9922	0.9014	0.8848	0.4790	0.7239	0.7760	0.7586	0.6115	0.8749	0.5904	0.7936
G232_01475	0.4390	0.0000	0.7016	0.9572	0.6390	0.4870	1.3916	0.3974	0.5883	0.0000	1.1474	0.5175	0.4013	0.5464	0.5906	0.5429	0.0000	0.6250	0.0061	0.9076	0.7574	0.6201	0.0000	0.3669	0.8299	0.5680	1.0044
G232_01476	0.8028	0.1748	0.7930	0.4241	1.1079	0.8391	0.9639	0.7682	0.7961	0.2500	1.3459	0.7193	0.5924	0.9286	1.2398	0.2667	0.0311	0.7289	0.6848	0.7227	0.6323	0.6071	0.0837	0.4029	0.8802	0.8912	0.9725
G232_01477	0.7998	0.0629	0.7016	0.9611	0.6992	0.6217	0.4337	0.8477	1.1010	0.3306	1.5725	1.2412	0.8705	0.9964	1.6433	0.7429	0.0661	0.8063	0.8182	0.4286	0.6103	0.7208	0.0000	0.8273	0.8429	0.7472	0.7653
G232_01478	1.0575	0.6503	1.0175	0.4942	0.8154	0.7957	0.8795	0.6887	0.9184	0.8978	1.0244	1.0439	0.7282	0.7393	0.7427	1.2952	0.0156	0.8820	0.3091	0.5378	0.9716	0.5682	0.1576	0.8561	0.9100	0.7968	1.1585
G232_01479	0.3181	0.1469	0.5309	0.2763	0.4336	0.2348	0.3133	0.5894	0.4971	0.2070	0.6297	0.4123	0.4692	0.3821	0.5468	0.3619	0.0272	0.4155	0.2909	0.3277	0.5910	0.7532	0.1084	0.6906	0.4539	0.3600	0.3986
G232_01480	0.6016	0.0559	0.5121	0.4202	0.2178	0.3739	0.3675	0.7682	0.4330	0.1425	0.5298	0.2412	0.2293	0.4679	0.5906	0.5238	0.0428	0.3644	0.4182	0.5714	0.3806	0.4838	0.0788	0.2446	0.5217	0.3952	0.5598
