GENE	Rstd	SM102	SM104	SM105	SM108	SM109	SM11	SM122	SM13	SM14	SM18	SM24	SM27	SM28	SM29	SM35	SM36	SM42	SM48	SM57	SM66	SM67	SM72	SM74	SM84	SM9	SM91
G232_00758	5.90	0.94	4.70	1.03	3.35	1.25	1.92	1.24	3.60	3.81	11.74	2.08	2.97	1.93	3.83	0.65	2.84	3.53	1.22	1.05	8.09	1.92	1.66	1.28	8.89	3.92	8.16
G232_00759	9.97	0.55	5.01	2.08	3.30	2.24	0.49	1.03	4.62	2.02	11.64	1.96	3.48	2.86	4.45	0.69	0.91	4.21	1.15	0.77	5.09	2.70	0.62	0.63	12.81	4.06	10.83
G232_00760	8.97	4.02	5.59	1.39	2.97	1.47	1.96	1.01	4.72	9.50	12.73	1.58	2.96	1.32	2.03	1.36	5.97	3.24	0.79	0.85	6.81	1.37	6.77	1.85	9.66	5.72	8.38
G232_00761	8.84	0.51	7.28	3.20	3.56	1.82	1.01	1.74	3.01	0.83	10.28	0.81	1.85	2.04	5.20	0.38	0.23	2.80	1.40	0.62	9.59	1.49	0.55	0.52	8.99	3.10	8.77
G232_00762	4.31	0.99	4.57	2.45	5.99	2.20	1.63	2.85	3.41	6.88	9.16	0.91	1.33	1.97	3.06	0.48	3.84	2.62	0.85	1.43	7.19	1.96	2.50	0.46	9.14	4.03	7.17
G232_00763	7.43	0.54	6.40	1.29	3.05	1.96	1.11	1.52	4.34	1.32	10.72	1.79	4.06	2.62	2.85	0.49	0.77	4.19	0.65	0.99	4.73	2.43	0.48	1.31	9.08	5.65	9.52
G232_00764	10.10	4.50	7.18	2.43	6.33	3.17	1.35	1.88	4.99	9.21	9.47	1.35	2.46	2.26	3.80	1.42	10.63	5.66	0.61	1.79	7.07	2.52	7.07	1.06	13.89	3.74	9.68
G232_00765	7.85	0.18	6.01	1.37	4.09	2.44	1.93	2.10	4.06	1.59	10.30	1.96	3.65	2.32	2.77	0.98	0.54	4.78	1.82	0.56	7.36	2.69	0.31	1.29	10.70	4.50	9.54
G232_00766	6.60	2.97	6.84	1.28	3.31	2.68	1.15	0.60	3.52	6.54	9.83	1.13	1.62	1.69	4.97	0.88	4.52	3.57	0.96	0.41	6.52	2.05	4.03	1.50	8.68	4.67	7.57
