GENE	Rstd	SM102	SM104	SM105	SM108	SM109	SM11	SM122	SM13	SM14	SM18	SM24	SM27	SM28	SM29	SM35	SM36	SM42	SM48	SM57	SM66	SM67	SM72	SM74	SM84	SM9	SM91
G232_06934	0.7572	0.0699	0.8038	0.5331	0.7137	0.7957	0.4578	1.0861	0.8350	0.2500	1.2278	0.8728	0.7049	0.7464	1.0965	0.2667	0.0117	0.5475	0.6606	0.3529	0.8826	0.6883	0.0000	0.8849	1.0175	0.6032	0.8964
G232_06935	0.8137	0.7483	0.7876	0.8755	0.7178	1.0000	1.0904	1.0331	0.7728	1.0188	1.4848	0.7851	0.6815	1.0286	1.0439	1.3143	1.2568	0.8785	0.8606	1.1597	0.9006	0.8571	1.2956	0.4317	0.9031	0.6304	0.9353
G232_06936	0.7869	1.0000	0.9355	0.7549	0.8817	0.7913	0.9036	0.9007	0.7553	1.1317	1.3471	0.7763	0.6879	0.6500	1.1930	0.8190	1.1518	0.8715	0.9455	1.0336	1.0026	0.8636	1.3202	0.6691	0.9184	0.8016	0.7015
G232_06937	0.9346	0.1888	0.5981	0.5214	0.6701	0.8000	0.9880	1.3907	0.3126	0.3199	1.1376	0.2588	0.1868	0.7357	1.1345	1.0190	0.1012	0.7306	0.0000	1.2521	0.9703	1.2825	0.1576	0.6763	0.7750	0.6416	0.7733
G232_06938	0.6244	0.3846	0.6734	0.7665	0.5602	0.7783	0.9337	0.4570	0.7748	0.3844	1.1084	0.9781	0.6773	1.3679	1.1725	0.5714	0.2568	1.0352	1.3758	0.4034	0.7755	0.8961	0.3990	0.4676	0.9336	0.8624	0.8291
G232_06939	1.0208	0.3287	0.9677	0.7276	0.7656	0.7261	0.3072	0.7616	1.1398	0.7339	1.1912	0.9693	0.7028	1.2643	1.2485	0.8095	0.3191	0.8556	0.8848	0.8067	0.8297	0.6364	0.2660	0.9712	0.7963	0.7440	0.9283
G232_06940	0.9485	2.3007	0.8038	0.6965	1.0104	1.1913	1.0120	0.8808	0.6913	1.8441	1.1376	0.7763	0.6943	0.9429	0.7661	0.8952	2.4630	0.7641	0.8970	0.9916	0.7961	0.5000	2.4680	0.8058	0.7574	0.7152	0.7989
G232_06941	0.9207	0.2448	0.7554	0.7276	0.7054	0.6087	0.9518	0.9603	0.7942	0.5269	1.1096	0.8465	0.6985	0.9500	1.2456	0.7714	0.2062	0.8820	0.7091	1.1261	0.7174	0.9026	0.2020	0.7554	1.0137	0.7632	1.0204
G232_06942	0.8186	2.4755	0.7460	0.7860	0.8008	1.0565	0.9639	0.7947	0.8039	2.6747	1.4470	1.1579	0.5987	1.0250	1.3246	0.5810	4.5642	1.0475	0.4485	0.5630	0.6735	0.8896	3.5862	0.6619	1.0122	0.6320	0.8592
G232_06943	0.8702	0.0769	0.7863	0.7393	0.9025	0.7174	0.4759	0.7881	0.6951	0.3575	1.2400	0.7982	0.6879	0.8929	0.9269	0.8952	0.0156	0.6056	0.7091	0.8151	0.5665	0.7760	0.1970	0.3597	0.8825	0.6688	0.7803
G232_06944	0.6452	1.4825	0.8320	0.5058	0.6224	1.0609	0.5060	0.5629	0.5903	1.2500	1.2582	1.1228	0.6879	0.5500	0.7398	0.6667	2.3541	0.7482	0.7394	0.9328	0.9239	0.7305	2.2020	0.7554	0.6552	0.4480	0.7272
G232_06945	0.9158	0.4406	1.0228	0.7471	0.6846	0.5304	0.4940	0.9603	0.8039	0.6452	1.2119	0.4956	0.6136	0.7714	1.3275	0.4095	0.3230	0.7324	0.6121	1.2269	0.7432	0.8214	0.3744	0.6763	0.7391	0.6608	0.6864
G232_06946	0.6620	0.3566	0.7339	0.7860	0.9689	0.4391	1.0422	1.1258	0.6583	0.8710	1.2582	0.5965	0.8217	1.2893	1.0614	1.0857	0.7276	0.8345	1.1758	0.5378	0.6968	0.9545	0.3990	0.4460	0.7483	0.6576	0.8158
G232_06947	0.6551	0.3636	0.7957	1.0545	0.8983	0.7087	0.6867	0.4967	0.6893	0.7231	1.3484	0.6096	0.7389	0.7000	0.8275	0.9810	0.5136	0.6954	0.9030	1.4202	0.8826	0.6981	0.6256	0.9065	0.7757	0.7392	0.7493
G232_06948	0.4440	0.1119	0.4449	0.4475	0.7448	0.3783	0.4518	0.3907	0.6738	0.3763	1.0158	0.6842	0.6327	0.7536	0.5994	0.6381	0.0000	0.3838	0.3394	0.2101	0.5858	0.4968	0.0000	0.3381	0.6796	0.5216	0.4464
G232_06949	0.8632	0.0000	0.7634	0.6070	0.7842	0.3826	0.3976	1.0861	0.6000	0.2796	1.1717	0.6316	0.6837	0.9250	1.0234	0.5429	0.0000	0.8433	0.6303	0.6891	0.5084	0.8506	0.0345	0.4676	0.8154	0.7104	0.8202
G232_06950	0.8087	0.2378	1.1116	0.6109	0.8651	1.0217	0.6446	1.3709	0.6388	0.5511	1.8368	0.5965	0.8195	0.8714	1.1959	0.3429	0.0389	1.0581	0.8303	1.5294	1.2374	0.7143	0.1429	0.3165	1.0450	0.6976	0.7671
G232_06951	0.6274	3.6224	0.7675	1.0700	0.9274	1.3304	1.1867	1.6093	0.7243	2.8280	1.1717	0.8465	0.6306	0.6964	1.0848	1.1429	4.0117	1.1250	1.2545	0.8655	0.6426	0.7987	3.6207	0.9640	0.7986	0.9248	1.0673
G232_06952	0.6313	1.3147	0.6828	0.6109	0.7116	0.6565	1.0964	0.7152	0.6874	1.0968	1.3764	0.7412	0.6773	0.7750	1.2456	1.2000	1.2802	0.6866	0.9212	0.8235	0.8955	0.7760	1.3941	0.9784	0.8131	0.8640	0.8689
G232_06953	0.7790	0.7552	0.8159	0.5798	0.7324	0.9826	0.8072	0.7616	0.4330	0.6263	1.1571	0.6053	0.4650	0.5464	0.7573	0.6286	0.5681	0.7236	0.5091	0.7059	0.9019	0.7273	0.7537	0.6187	0.6682	0.6080	0.6616
G232_06954	0.7532	0.2867	0.9126	0.8405	0.7386	0.8087	0.6807	0.9073	0.6874	0.9812	1.2533	0.6623	0.9363	0.8357	1.1579	0.7143	0.4903	0.7165	0.9030	0.6387	0.8968	0.6656	0.4483	0.8417	0.7162	0.7632	0.7945
G232_06955	0.3944	0.1189	0.3737	0.2451	0.3963	0.4826	0.2651	0.3907	0.5786	0.4651	0.8210	0.4254	0.3291	0.6357	0.6316	0.5810	0.1946	0.3680	0.3576	0.8571	0.5045	0.3312	0.2217	0.1439	0.4905	0.3232	0.4393
