GENE	Rstd	SM102	SM104	SM105	SM108	SM109	SM11	SM122	SM13	SM14	SM18	SM24	SM27	SM28	SM29	SM35	SM36	SM42	SM48	SM57	SM66	SM67	SM72	SM74	SM84	SM9	SM91
G232_05410	0.7552	1.4406	0.9153	0.7704	0.7241	1.0522	0.7289	0.7550	0.8816	1.6613	1.2132	0.9123	0.5499	1.2857	1.2485	1.1429	2.8249	0.8627	1.2121	0.8067	0.6839	0.9058	2.2020	0.5252	0.9230	0.6064	0.9043
G232_05411	1.0010	2.1189	0.9086	0.6381	0.7946	1.2696	0.7771	1.0993	0.7883	1.7124	1.3033	0.9956	0.9830	0.9250	1.3333	1.1714	2.5409	0.8345	0.8667	0.9328	0.8168	1.1688	2.2611	0.7338	0.8802	1.1520	0.8698
G232_05412	0.8167	0.4545	0.9503	0.6887	0.8776	0.8261	0.8253	0.8477	0.7068	0.5188	1.1328	0.7412	0.5159	0.8143	1.0614	0.9333	0.4358	0.8697	0.8545	0.8824	0.7652	0.9253	0.3793	1.0791	0.8017	0.8112	0.9070
G232_05413	0.4767	0.3077	1.0067	0.8560	0.8382	0.9696	1.7289	1.2450	0.6796	0.9382	1.3325	1.0482	0.6412	0.6821	1.0848	1.3429	0.2646	0.7342	0.0000	1.3361	0.7858	1.0974	0.7192	1.2158	0.8108	0.7392	1.1461
G232_05414	0.6858	0.8671	1.0605	0.9300	0.8963	0.6348	0.5723	0.5033	0.9845	0.8441	1.3033	0.7456	0.9087	0.8929	1.3129	0.8000	0.5759	1.0423	0.9030	0.2605	0.8839	1.0519	0.5961	1.1223	0.7696	0.8848	0.7626
G232_05415	0.6521	1.8112	0.5269	0.2218	1.0498	1.1348	1.5843	1.0397	0.5981	1.2715	1.3447	0.6272	0.7962	0.5036	0.8275	0.7238	2.5292	0.5722	0.9879	0.6639	0.6942	0.8831	2.1281	0.7914	1.0282	0.5072	0.6165
G232_05416	0.9425	1.3427	0.9664	0.7237	0.8133	0.9783	1.0361	0.5497	0.7126	1.4785	1.1596	1.0219	0.8047	0.9357	0.9415	1.0571	1.4358	0.7113	0.6061	0.9244	0.8942	0.8084	1.3054	0.6763	0.6400	0.8384	0.7750
G232_05417	0.6303	0.0490	0.8118	0.8016	0.8672	0.6522	0.9699	0.7881	0.7961	0.3871	1.0706	1.1140	0.9023	1.2536	0.5965	0.4762	0.0700	0.8468	0.9333	0.8992	1.2039	0.5942	0.1773	1.1079	0.8368	0.8000	0.9708
G232_05418	0.4757	1.0280	0.7823	0.5097	0.9066	0.6261	0.8735	0.5099	0.6466	1.0995	1.3130	0.5263	0.5754	0.9750	1.2661	0.7238	0.6342	0.8504	0.6182	0.4790	0.8684	0.7532	0.8128	0.6115	0.8726	0.7136	0.9353
