GENE	Rstd	SM102	SM104	SM105	SM108	SM109	SM11	SM122	SM13	SM14	SM18	SM24	SM27	SM28	SM29	SM35	SM36	SM42	SM48	SM57	SM66	SM67	SM72	SM74	SM84	SM9	SM91
G232_00384	11.76	0.17	6.56	2.66	6.19	1.43	1.99	1.79	3.47	0.67	0.00	1.19	3.93	2.15	0.00	0.70	0.00	5.10	1.36	1.44	6.80	2.78	0.00	0.34	8.56	6.08	10.52
G232_00385	7.97	0.15	6.34	2.71	3.76	1.28	1.17	1.32	4.20	2.05	0.00	1.90	5.41	1.94	3.57	0.64	0.00	3.78	1.18	1.00	6.35	2.57	0.03	1.24	15.41	7.32	8.99
G232_00386	77.93	114.10	63.63	23.18	36.58	21.59	20.19	20.83	39.24	143.05	82.06	28.00	43.80	25.47	44.53	8.95	110.81	54.86	18.86	17.18	56.94	34.63	98.49	9.77	159.97	57.40	89.74
G232_00387	10.21	0.21	5.39	1.38	3.39	1.31	1.53	0.85	5.17	1.71	10.92	1.59	3.89	2.91	5.02	0.51	0.34	6.90	1.62	0.97	6.81	1.26	0.31	1.23	13.18	5.77	9.19
G232_00388	7.10	6.38	5.23	1.94	4.54	3.08	3.35	0.97	3.92	10.29	12.20	2.05	3.93	3.33	3.74	0.55	10.67	6.07	1.43	2.04	7.61	2.87	8.18	1.78	12.51	8.15	11.01
G232_00389	6.10	1.16	4.81	2.37	3.42	1.43	1.65	2.07	3.97	2.83	9.16	0.73	5.01	2.53	5.60	1.03	0.75	5.29	1.80	1.35	7.07	3.62	0.59	0.48	9.23	3.73	7.91
G232_00390	7.65	3.15	4.72	1.35	3.40	1.38	1.44	1.13	3.53	6.53	10.37	1.74	3.84	2.24	4.40	0.74	6.38	4.77	1.61	1.16	4.74	3.21	4.45	0.50	10.22	5.47	8.50
G232_00391	8.63	2.48	5.47	1.74	3.41	3.16	1.71	1.29	3.36	5.49	9.49	1.69	3.81	3.41	3.91	0.87	5.09	6.05	1.05	0.37	6.43	2.37	3.71	0.70	11.85	5.48	10.46
G232_00392	8.55	0.33	4.34	2.33	4.18	1.65	1.10	1.11	5.40	1.78	6.88	1.31	3.97	3.41	4.93	1.20	1.15	5.60	1.85	0.95	5.23	3.06	1.15	0.68	12.48	5.32	11.15
G232_00393	8.64	0.59	5.15	2.37	3.23	1.49	1.44	1.13	4.60	2.22	9.80	2.20	3.44	2.23	3.92	1.14	2.04	4.27	1.64	1.29	6.18	2.93	0.85	1.33	11.10	4.68	10.12
G232_00394	7.70	0.41	6.31	1.78	3.31	0.84	0.95	1.14	4.61	2.28	11.97	2.28	3.44	2.39	4.88	0.75	0.53	3.71	0.78	1.34	4.37	1.99	1.06	0.49	10.47	5.11	8.75
G232_00395	7.59	0.25	5.58	2.11	3.38	1.39	1.14	1.43	3.33	1.83	9.06	2.28	3.73	2.94	3.07	1.07	0.25	5.74	0.65	0.89	4.84	2.05	0.18	0.68	10.38	4.32	10.33
G232_00396	6.19	0.38	5.99	0.86	3.97	1.08	1.17	0.31	3.14	2.11	14.62	1.98	3.42	3.07	2.70	1.12	0.16	6.02	0.74	0.68	7.98	2.18	0.39	0.75	9.48	4.75	7.51
G232_00397	10.20	7.40	5.55	2.29	4.24	3.45	2.47	1.71	4.28	14.52	9.89	1.95	3.79	2.39	4.38	0.85	18.58	5.62	2.02	0.75	5.25	2.52	11.12	1.03	11.66	5.04	9.05
G232_00398	8.00	0.78	6.21	1.86	4.65	1.95	0.78	2.15	2.09	1.60	8.25	1.23	3.40	1.70	3.59	0.93	1.40	2.51	1.30	1.14	5.51	1.90	1.15	0.71	6.68	3.98	6.56
G232_00399	9.07	3.19	5.66	1.68	3.85	2.31	1.79	1.32	3.28	4.89	8.91	1.45	3.81	2.35	3.96	1.44	5.48	6.35	0.96	0.89	5.81	2.60	4.12	1.67	10.46	4.49	10.05
G232_00400	6.26	1.63	4.39	1.71	3.13	2.00	0.91	1.26	3.14	2.65	7.34	1.15	3.40	1.72	3.02	0.81	1.36	3.54	0.92	1.03	5.40	1.84	0.66	0.91	7.49	3.93	8.85
G232_00401	6.80	0.09	5.07	3.05	3.70	1.39	1.53	1.56	3.33	1.62	9.99	1.74	2.99	1.63	3.02	1.25	0.06	3.16	2.21	2.09	6.70	2.37	0.26	1.30	10.66	5.08	7.71
G232_00402	8.66	0.10	6.51	1.07	4.05	2.89	0.42	1.82	3.52	1.67	11.10	1.37	4.25	3.82	4.79	0.81	0.10	4.24	1.16	0.70	5.44	1.73	0.54	1.18	12.07	4.56	9.20
G232_00403	7.92	0.29	3.74	1.86	3.48	1.34	0.27	0.81	4.15	3.10	10.58	1.21	3.77	2.11	2.95	0.61	0.92	4.79	1.53	0.69	3.66	2.96	1.08	0.28	11.46	5.23	9.42
G232_00404	8.94	7.07	6.14	1.83	2.65	2.99	1.63	1.78	3.69	9.98	10.66	1.30	3.95	2.27	2.86	1.06	16.30	6.04	1.78	1.17	3.81	2.45	10.79	0.80	8.05	3.54	7.92
G232_00405	5.54	0.08	3.58	3.07	4.17	1.77	0.67	1.36	4.11	0.94	11.37	1.42	3.33	3.14	4.30	0.29	0.19	5.73	0.92	0.99	5.29	2.92	0.00	2.04	7.82	7.78	10.17
G232_00406	8.97	0.32	6.48	2.03	3.62	1.80	1.17	1.32	3.87	2.52	9.53	1.73	3.25	2.16	3.39	0.98	0.28	4.41	1.26	0.91	7.71	2.92	0.43	0.86	10.52	5.41	8.78
G232_00407	9.40	0.16	6.22	2.12	3.54	1.12	0.58	0.98	3.26	2.37	11.36	1.85	4.61	2.97	6.15	1.08	0.39	5.16	0.63	0.96	5.58	1.74	0.40	0.97	10.06	5.00	8.60
G232_00408	8.04	0.88	4.44	2.09	2.96	1.27	1.15	0.94	4.51	3.57	13.70	1.82	4.88	2.47	4.77	0.67	1.35	4.87	1.50	0.50	5.46	2.35	1.39	0.59	12.40	7.29	10.26
G232_00409	7.20	2.07	5.02	1.98	3.39	1.66	0.31	0.66	5.21	2.59	11.26	2.97	3.96	2.42	3.61	0.98	3.97	4.70	1.82	1.63	8.44	2.40	2.48	0.80	11.23	4.97	9.33
G232_00410	6.16	0.38	5.57	2.15	3.56	1.55	1.39	0.82	4.51	1.44	8.67	2.53	4.62	2.71	3.36	0.96	0.78	5.02	1.65	0.76	7.06	2.39	0.76	0.95	9.53	5.70	10.64
G232_00411	7.12	0.86	5.18	2.66	4.11	1.69	0.71	1.56	3.87	1.93	7.40	2.01	2.71	2.39	3.82	0.98	0.43	4.91	1.43	0.88	5.59	2.02	0.88	0.92	9.56	4.52	7.49
G232_00412	6.82	2.79	2.62	2.25	1.87	1.14	1.05	0.25	3.85	5.86	6.72	2.03	3.12	2.21	2.84	0.70	5.70	3.62	0.89	1.05	4.21	1.21	3.78	0.58	10.08	4.59	9.04
G232_00413	9.04	0.15	6.14	1.05	3.65	1.47	1.33	1.95	4.42	1.63	10.35	2.70	4.60	3.40	3.68	0.65	0.65	5.31	2.07	1.25	7.21	3.36	0.45	0.94	10.29	4.53	10.43
G232_00414	7.15	0.85	4.29	1.62	4.34	1.60	1.01	0.58	3.02	1.70	11.93	2.12	2.09	1.69	3.07	1.10	0.85	4.46	1.72	1.08	7.18	3.93	0.88	0.98	9.30	4.21	5.23
G232_00415	8.72	4.08	4.03	2.24	4.30	2.93	1.50	1.33	4.74	10.55	9.39	1.80	3.97	2.36	3.73	0.77	9.94	5.13	1.69	1.12	5.07	2.27	6.34	0.68	10.95	5.42	10.36
G232_00416	7.76	1.52	5.76	1.89	4.22	2.19	1.55	1.65	5.34	3.19	10.30	1.21	3.77	2.34	4.28	1.05	2.20	4.86	1.48	0.78	7.29	3.77	1.46	1.09	11.17	5.95	10.03
G232_00417	10.33	0.60	5.30	2.04	3.99	2.28	1.09	1.43	5.24	2.52	10.52	2.37	4.70	2.34	3.45	0.47	1.16	5.70	1.60	1.24	6.93	1.97	0.63	0.85	9.74	4.69	10.62
G232_00418	7.20	0.24	6.58	2.18	5.19	1.62	1.39	1.15	4.32	1.94	11.80	2.81	4.21	1.24	1.96	0.90	0.05	4.99	1.45	0.94	6.51	2.04	0.12	1.46	12.65	4.81	9.62
G232_00419	8.91	0.27	5.77	1.81	7.68	1.82	1.74	1.13	3.67	2.10	8.76	1.67	3.97	1.70	1.88	1.00	0.34	3.60	0.75	1.19	5.76	2.45	0.19	1.47	10.11	4.43	8.08
G232_00420	8.02	0.02	4.09	1.70	4.02	1.82	0.78	0.64	4.32	1.75	6.83	1.14	3.92	2.37	1.66	0.21	0.00	5.43	1.31	0.65	3.40	2.29	0.00	1.34	13.78	4.78	9.06
G232_00421	7.47	0.08	5.75	2.64	3.69	1.43	1.04	0.88	4.51	1.04	9.29	2.39	3.98	2.35	3.45	0.86	0.04	5.56	1.82	1.08	5.54	2.17	0.08	0.44	10.29	4.21	11.32
G232_00422	8.82	0.53	6.11	2.19	3.27	2.13	1.03	0.88	4.26	1.62	8.60	1.99	4.13	2.26	3.36	0.65	0.61	3.97	1.17	0.72	7.61	4.07	0.89	0.69	10.95	5.52	8.07
G232_00423	8.21	1.52	4.97	2.03	2.75	2.15	1.46	1.44	5.02	2.48	9.80	3.23	4.48	2.32	4.63	0.66	1.78	6.44	0.63	0.92	7.35	2.51	0.98	0.64	11.88	6.27	8.14
G232_00424	6.44	0.08	6.91	3.30	4.33	1.02	1.72	1.84	5.96	1.58	10.77	2.72	5.53	2.69	2.52	0.63	0.00	3.31	1.96	0.48	6.22	2.49	0.16	1.48	12.92	6.36	7.73
G232_00425	9.45	0.15	5.81	1.66	4.75	1.55	1.00	1.49	5.09	2.09	9.43	1.54	3.30	2.23	3.10	0.71	0.47	4.66	1.47	0.80	6.65	2.84	0.18	1.14	9.41	4.62	7.49
G232_00426	7.49	0.20	4.02	1.72	5.30	0.56	0.73	0.78	3.02	2.11	10.11	1.19	2.56	1.62	2.85	0.84	0.97	3.95	1.14	0.98	3.70	1.20	0.94	1.36	10.37	3.90	8.97
G232_00427	8.91	3.05	5.33	2.09	4.70	2.22	1.57	0.40	3.84	4.85	8.61	2.19	4.21	2.02	2.97	1.01	4.17	5.08	1.96	1.03	8.23	2.68	3.45	0.71	10.70	4.98	9.13
G232_00428	68.24	0.60	47.41	35.93	35.62	16.54	15.65	14.49	50.50	10.09	6.40	21.41	63.38	20.63	5.93	13.26	0.38	42.94	7.08	4.82	65.59	21.53	0.94	15.80	81.15	93.61	95.77
G232_00429	6.85	15.77	6.92	2.33	4.37	5.27	1.23	1.71	4.72	22.55	0.05	2.08	3.84	1.58	1.02	1.33	35.43	4.92	2.81	1.57	6.85	3.10	25.65	1.44	11.42	5.84	7.88
G232_00430	6.25	0.06	4.76	2.17	2.98	1.06	1.82	1.54	3.71	1.33	0.00	1.91	2.62	2.81	6.91	1.10	0.00	3.23	1.83	0.59	5.47	2.84	0.03	0.75	12.98	4.41	8.39
G232_00431	10.21	0.00	5.69	2.42	4.85	1.53	0.93	1.38	3.90	0.00	0.00	2.50	2.62	1.98	9.19	2.14	0.11	4.12	1.54	0.74	6.12	2.21	0.00	1.27	10.58	3.15	7.90
G232_00432	8.59	0.00	6.95	2.91	6.59	1.93	1.35	1.70	4.10	1.49	0.63	0.12	4.61	2.40	3.85	0.83	0.00	3.76	0.15	0.07	7.64	0.23	0.18	0.47	0.26	6.46	7.87
G232_00433	11.75	0.09	8.70	2.94	4.25	2.36	1.99	2.24	6.64	2.28	16.23	2.52	5.03	2.85	2.18	1.00	0.15	6.51	2.19	1.28	8.94	4.26	0.08	1.35	13.64	5.43	15.36
G232_00434	8.63	11.59	4.86	2.72	2.53	5.85	1.55	0.80	4.74	23.01	18.60	1.45	3.87	2.39	0.55	0.63	27.67	7.00	4.25	0.94	8.00	5.56	19.29	1.84	22.88	6.01	11.23
G232_00435	7.49	6.13	6.87	1.65	2.36	2.77	2.76	2.11	7.30	1.74	5.90	3.05	5.23	3.35	0.00	0.88	0.00	8.12	2.52	0.78	6.99	5.30	0.00	0.72	27.35	6.92	9.70
G232_00436	10.39	2.32	8.26	3.38	3.22	2.12	2.01	1.68	4.88	6.44	14.05	1.58	5.15	2.68	3.43	0.25	4.78	5.48	0.93	0.53	8.04	2.38	3.83	0.81	12.70	5.93	12.45
G232_00437	7.95	1.95	4.24	1.53	4.06	1.39	1.45	1.63	3.98	5.88	11.47	1.79	4.15	1.60	4.26	0.56	4.33	4.76	1.20	1.03	5.90	2.63	3.10	0.95	11.36	6.39	10.18
G232_00438	8.43	0.70	6.41	2.88	3.60	1.74	1.41	1.24	4.30	2.41	9.17	2.49	2.53	2.54	2.72	1.44	1.16	5.03	1.22	0.80	5.42	2.69	1.25	0.98	11.35	4.97	10.49
G232_00439	6.44	2.89	5.53	1.90	4.04	2.73	1.60	1.40	4.68	4.71	12.84	1.66	2.47	3.01	4.63	0.88	4.12	5.13	0.98	0.95	5.37	2.73	3.59	0.45	11.32	4.69	8.20
G232_00440	7.19	0.84	6.50	1.94	4.00	1.78	1.70	1.63	4.16	3.63	10.18	1.89	3.62	2.65	3.53	0.79	1.86	4.69	1.28	0.91	6.67	2.68	1.67	1.05	12.43	4.82	9.52
G232_00441	7.53	0.84	5.85	2.06	3.40	1.60	1.14	0.96	3.58	2.26	10.46	1.75	3.35	2.69	5.12	0.94	1.33	4.44	1.74	1.11	6.15	2.55	1.20	0.86	11.45	4.20	8.56
G232_00442	5.28	0.25	6.72	2.45	2.37	1.46	1.69	0.32	5.08	3.97	15.93	1.51	3.32	2.61	5.17	0.69	0.05	6.93	1.37	0.96	6.30	1.11	0.08	1.56	11.35	6.27	8.76
G232_00443	6.90	1.01	6.80	2.51	5.02	1.58	1.05	1.51	4.52	2.57	11.93	1.57	5.00	3.14	3.06	1.11	1.85	5.49	1.23	0.98	6.23	1.95	1.02	0.55	12.00	5.85	9.48
G232_00444	7.07	1.77	6.14	2.23	2.52	1.93	1.23	2.29	3.31	7.51	10.57	2.92	4.76	1.92	4.36	1.17	3.80	5.29	1.13	1.35	6.38	4.04	2.92	0.88	8.83	4.63	8.51
G232_00445	9.08	0.99	6.10	1.84	3.97	1.73	1.25	1.49	4.82	4.03	11.99	1.83	3.70	2.86	4.81	1.14	3.16	4.96	1.22	1.05	6.15	2.61	1.88	0.79	12.00	5.09	9.88
G232_00446	8.34	4.56	5.28	2.26	2.05	1.93	1.73	0.56	4.05	11.96	11.31	1.87	3.58	2.59	4.81	0.53	12.40	4.74	1.55	1.68	4.98	2.35	7.38	0.41	13.93	5.45	10.62
G232_00447	7.43	19.25	4.40	2.20	3.97	3.48	3.91	1.45	4.12	27.54	11.59	2.01	3.35	3.16	2.47	1.30	41.18	5.82	1.78	1.55	5.62	3.09	24.25	1.04	12.56	3.81	7.98
G232_00448	8.02	1.59	7.40	1.99	4.16	2.02	1.29	1.96	3.95	3.85	11.95	1.11	3.64	3.68	3.92	0.81	2.97	5.50	1.72	0.86	6.43	2.81	2.24	1.17	13.01	5.13	10.34
G232_00449	9.78	3.74	7.65	2.55	4.00	1.99	1.34	0.98	5.77	7.09	10.74	2.75	3.75	2.52	4.87	1.02	7.42	4.93	2.08	0.88	5.81	3.26	5.22	0.48	11.89	5.29	11.60
G232_00450	8.03	0.64	6.05	2.15	3.31	1.16	1.27	1.28	5.22	2.21	12.28	2.07	4.01	3.26	3.30	0.96	0.96	6.33	2.02	1.40	6.51	1.68	1.10	0.62	13.31	6.82	10.46
G232_00451	9.54	0.71	8.48	1.69	3.82	1.47	0.32	0.84	5.41	2.81	9.86	1.23	3.34	2.74	4.16	0.97	1.31	4.23	1.39	1.35	6.30	2.46	0.87	0.68	10.21	6.17	7.93
G232_00452	9.64	1.28	6.71	1.89	3.90	2.01	1.02	1.52	5.31	4.71	10.79	1.74	4.67	2.53	5.29	0.75	2.66	5.69	1.95	1.28	8.31	2.86	1.78	1.26	11.63	5.46	11.27
G232_00453	11.19	0.17	4.95	1.55	3.59	1.85	1.00	1.11	6.23	1.94	12.14	2.07	4.74	3.04	5.54	1.42	1.04	6.73	1.55	1.29	7.33	2.34	0.57	0.89	11.49	7.90	9.44
G232_00454	10.31	4.59	6.59	1.78	3.56	2.54	1.62	1.48	4.76	8.58	10.37	1.54	3.66	2.34	4.26	0.80	9.20	5.18	1.86	1.02	7.06	2.19	6.97	1.19	11.57	5.84	10.77
G232_00455	3.14	0.22	2.74	1.37	2.52	0.68	0.68	0.76	2.47	1.35	4.48	0.43	2.07	1.26	1.32	0.46	0.00	2.03	0.57	0.31	3.38	1.75	0.03	0.54	6.95	2.63	5.94
G232_00456	7.68	3.48	4.37	2.02	4.07	2.31	1.69	1.29	4.66	8.21	14.70	2.13	4.65	1.59	5.30	0.94	12.90	6.66	1.44	1.15	6.14	2.38	7.88	1.28	12.69	7.28	10.55
G232_00457	6.01	0.71	5.26	1.73	5.29	1.84	1.12	1.87	3.94	2.98	9.56	2.11	4.00	2.33	4.56	0.53	1.65	4.34	1.75	1.03	5.75	2.37	0.95	1.16	11.61	4.59	9.52
G232_00458	8.90	0.44	6.53	1.73	3.50	1.19	0.90	1.76	4.42	2.94	11.69	1.32	3.70	2.69	4.30	0.96	1.00	5.61	1.33	0.66	5.05	2.32	0.77	1.10	11.60	3.86	9.41
G232_00459	8.19	0.23	5.28	2.58	4.21	1.86	1.23	1.07	4.78	1.58	10.27	1.33	4.10	1.52	3.19	1.41	0.06	5.43	1.82	0.94	5.58	1.99	0.00	0.48	11.29	3.79	9.01
G232_00460	10.48	0.63	5.71	2.83	4.01	1.49	1.10	1.61	4.82	2.65	10.95	2.09	4.14	2.41	3.79	0.80	0.67	4.92	1.69	0.90	5.51	2.83	0.30	1.01	10.92	5.69	9.11
G232_00461	7.47	0.34	6.27	2.35	3.19	1.58	1.22	1.46	4.53	2.59	10.80	1.89	3.74	2.53	4.82	1.39	0.77	5.40	1.60	0.68	6.62	2.44	0.71	0.73	11.54	4.48	10.99
G232_00462	9.26	0.96	5.45	1.90	2.52	1.88	1.56	1.39	3.82	4.19	12.42	2.07	3.77	3.81	3.90	0.52	2.01	7.16	1.19	0.89	8.21	2.29	1.53	1.51	11.56	5.44	13.76
G232_00463	10.91	4.35	6.26	1.41	4.09	3.36	1.65	1.77	2.84	9.66	9.23	1.31	3.33	3.08	4.24	1.19	7.90	5.88	1.42	0.65	8.25	4.87	7.06	1.09	10.94	4.70	10.33
G232_00464	7.25	0.26	8.95	2.17	4.94	1.18	1.59	2.47	3.24	1.72	9.76	1.64	2.46	1.93	5.56	0.50	0.00	5.03	0.99	1.43	5.92	2.25	0.16	1.55	10.97	3.97	10.08
G232_00465	9.19	1.48	5.83	1.69	3.37	2.00	0.95	1.25	3.74	3.10	10.02	1.37	3.32	2.19	3.48	0.76	1.19	4.85	1.68	1.06	5.67	2.61	2.76	0.77	11.45	4.49	10.03
G232_00466	10.50	0.00	5.79	1.64	4.08	0.75	1.37	1.28	4.64	2.76	15.06	1.38	4.37	2.76	5.51	0.97	0.03	4.87	2.25	0.82	6.22	1.80	0.32	1.65	11.65	4.85	9.97
G232_00467	8.73	0.73	6.71	2.12	3.92	1.33	1.00	1.57	4.19	2.93	12.09	1.44	3.28	2.42	3.53	0.91	0.95	4.78	1.47	1.33	6.78	2.07	0.92	1.32	11.29	4.71	9.04
G232_00468	7.69	0.18	5.79	1.79	3.20	1.42	0.66	1.52	4.43	2.73	11.24	1.50	4.54	1.85	3.53	0.91	0.03	4.56	1.02	0.79	6.05	2.08	0.20	0.46	11.92	4.02	12.20
G232_00469	11.29	0.00	6.48	2.39	3.88	1.59	0.66	1.82	4.27	2.08	11.89	1.60	4.98	2.06	3.61	0.66	0.00	5.31	1.76	0.75	6.29	2.73	0.00	0.64	10.47	4.36	10.97
G232_00470	5.13	1.22	4.74	1.28	2.87	2.14	1.82	1.68	4.80	3.76	9.51	1.59	3.87	2.36	4.40	0.87	2.87	3.91	0.77	1.33	4.76	2.22	1.70	0.46	12.93	2.26	10.61
G232_00471	8.69	0.24	5.70	2.29	3.52	1.67	1.22	1.07	4.04	1.98	8.87	1.58	3.89	2.68	3.31	0.60	0.48	4.20	0.91	0.67	5.65	2.89	0.50	0.76	11.95	4.66	9.91
G232_00472	8.74	0.19	5.76	1.86	2.61	0.27	0.94	0.63	7.35	2.42	12.86	2.94	4.57	2.60	5.11	0.57	0.07	5.37	1.58	0.62	7.09	2.82	0.16	0.48	10.85	6.74	10.93
G232_00473	8.36	9.29	5.42	1.53	3.30	2.27	2.35	1.31	4.27	12.19	12.60	2.54	3.26	1.86	4.15	1.27	12.45	5.26	1.84	1.83	6.95	3.17	11.04	0.53	8.20	3.95	8.39
G232_00474	9.24	0.99	6.74	2.19	3.35	2.01	1.41	0.97	4.67	3.74	11.98	1.62	4.63	2.41	3.60	0.97	2.09	5.61	1.44	0.40	6.12	2.74	1.23	0.92	13.35	5.12	10.16
G232_00475	6.22	0.78	7.16	1.44	4.13	2.13	1.92	1.74	3.47	3.68	10.63	1.31	3.41	1.12	3.18	0.84	1.59	4.14	1.06	0.53	11.28	2.56	1.75	1.44	8.35	2.99	9.56
G232_00476	6.98	0.06	6.21	2.12	4.05	1.57	0.87	1.22	4.25	1.58	10.47	1.85	3.47	2.37	4.58	0.82	0.16	4.84	1.18	1.03	6.26	2.54	0.22	1.01	12.93	5.50	8.44
G232_00477	7.05	1.19	5.90	2.23	3.55	1.59	1.32	0.90	4.73	2.98	12.29	2.34	4.53	2.37	4.99	1.20	3.33	4.48	0.88	1.06	5.88	2.23	2.06	0.30	11.29	5.81	10.58
G232_00478	11.07	4.87	6.62	2.18	4.90	2.67	2.63	1.69	4.28	6.78	10.17	1.49	3.15	2.81	3.73	0.73	9.99	5.02	1.70	2.36	6.78	2.35	8.28	1.41	11.26	6.29	11.73
G232_00479	8.38	0.46	5.17	1.91	3.49	1.20	0.58	1.05	3.98	2.23	11.05	1.89	3.67	2.60	4.32	0.83	0.46	4.98	1.18	0.78	4.62	2.39	0.30	0.70	12.08	4.29	9.55
G232_00480	8.86	4.64	7.25	1.68	4.19	2.57	1.52	1.28	4.20	10.87	9.97	1.45	2.83	2.09	4.14	0.91	14.01	6.13	1.23	0.60	4.51	2.47	7.86	0.52	12.94	5.86	10.00
G232_00481	8.94	0.72	6.83	1.68	3.07	1.64	0.66	1.44	3.35	2.61	9.02	1.33	3.54	2.83	4.23	0.75	0.77	4.72	1.27	0.81	5.92	3.02	1.16	0.78	11.59	5.34	9.17
G232_00482	8.97	0.07	5.51	1.51	2.32	1.31	0.85	1.77	2.61	2.06	9.46	1.64	3.16	2.51	3.34	1.32	0.00	4.82	1.04	0.66	6.51	2.09	0.00	1.29	9.44	5.38	11.41
G232_00483	9.29	0.46	6.93	1.91	4.28	1.62	0.92	1.93	3.79	1.53	11.09	1.52	3.40	2.28	4.20	0.45	0.47	4.64	1.17	1.03	6.47	2.39	0.54	1.00	10.00	4.51	8.74
G232_00484	5.33	0.91	3.53	0.47	1.92	0.43	1.04	1.07	3.34	1.70	5.39	1.36	2.98	1.58	2.19	0.64	0.99	3.25	0.41	0.35	2.11	1.38	0.90	0.58	6.33	3.41	4.98
G232_00485	10.23	4.15	8.35	1.61	3.91	1.78	2.73	1.92	3.64	9.89	10.09	1.71	3.58	2.13	4.93	0.99	12.83	6.15	1.29	1.52	6.07	3.21	9.78	1.21	10.26	5.69	8.86
G232_00486	8.10	0.10	5.68	1.67	4.50	1.70	1.16	1.39	3.69	1.43	8.48	1.68	3.76	2.27	3.46	0.63	0.12	4.17	1.35	0.46	4.65	3.39	0.10	1.18	11.16	4.66	10.10
G232_00487	9.98	2.34	6.84	2.21	4.29	1.90	1.52	1.44	4.54	5.76	9.87	1.85	3.91	2.00	4.47	1.02	4.59	5.48	1.31	1.01	6.66	3.42	3.26	1.08	11.24	5.11	9.08
G232_00488	5.83	0.74	5.36	1.92	3.40	2.46	1.34	1.18	4.13	2.86	7.47	1.12	4.11	3.66	3.90	0.27	0.93	3.37	1.32	0.73	5.92	1.50	1.64	1.58	9.77	4.63	9.32
G232_00489	7.81	1.03	6.10	2.33	3.85	2.21	2.10	2.08	4.69	2.10	11.15	1.56	3.69	1.78	3.56	1.34	1.52	4.30	1.36	0.46	5.60	3.14	1.15	1.60	11.45	5.02	10.51
G232_00490	7.73	0.34	4.39	1.56	3.66	2.03	1.23	1.36	3.23	1.56	10.37	1.13	3.14	1.10	2.68	0.23	0.94	4.03	0.36	0.50	4.48	1.63	0.44	0.77	10.65	4.18	6.68
G232_00491	10.30	2.94	6.36	1.74	3.24	2.11	1.40	1.82	4.04	6.76	11.81	2.00	3.99	2.54	3.79	0.98	6.71	4.22	1.27	0.92	5.64	2.38	5.23	0.67	11.70	4.53	9.96
G232_00492	8.55	0.36	4.85	2.43	4.69	1.23	1.34	1.36	4.22	1.81	0.77	1.36	3.06	1.64	0.55	1.52	0.83	3.97	2.04	1.14	6.56	2.67	0.72	0.32	12.28	5.41	9.41
G232_00493	10.97	0.00	8.92	2.36	5.17	2.52	0.71	1.29	4.71	1.94	2.74	2.00	4.08	2.65	0.13	0.93	0.00	5.01	1.79	0.69	8.39	4.51	0.14	1.40	15.53	5.40	9.44
G232_00494	8.43	1.63	6.20	2.13	3.63	2.97	1.82	1.19	4.65	3.44	10.42	2.07	3.74	2.65	3.34	1.27	3.26	3.96	1.16	1.26	7.90	2.88	2.83	1.20	12.51	4.90	10.28
G232_00495	8.94	0.09	7.37	1.68	4.58	1.55	1.23	1.16	4.31	1.47	10.60	1.27	4.50	2.53	5.09	0.73	0.06	4.67	1.09	0.43	6.80	3.04	0.10	0.96	10.51	4.89	9.63
G232_00496	6.59	1.75	5.25	2.36	4.20	2.58	2.05	0.38	5.94	11.02	17.86	2.80	5.22	3.55	4.52	1.53	6.82	9.08	2.33	0.71	4.37	0.88	4.26	0.62	12.27	8.32	9.46
G232_00497	8.91	11.01	7.43	2.36	2.30	2.81	3.21	1.28	6.17	17.25	15.28	2.46	5.37	4.34	5.78	0.79	18.77	6.46	1.74	1.30	6.67	2.93	12.60	1.09	13.58	9.00	9.48
G232_00498	9.13	4.29	6.82	1.14	3.90	2.17	1.44	1.88	3.09	5.55	10.77	1.69	3.27	2.97	5.54	1.03	8.02	5.43	1.35	0.87	4.88	3.13	5.23	1.01	11.22	3.82	9.26
G232_00499	6.60	0.43	5.73	1.38	3.78	2.04	1.14	1.00	4.09	2.11	12.59	2.46	3.18	1.82	5.00	1.92	1.46	3.21	1.47	0.28	4.16	2.39	0.66	0.92	10.82	7.79	9.42
G232_00500	10.34	0.05	6.33	1.17	4.04	1.66	1.31	1.21	5.01	1.42	9.42	1.83	4.21	1.91	3.69	1.27	0.00	4.68	1.07	1.21	7.14	2.21	0.03	1.06	11.22	5.11	9.63
G232_00501	7.95	1.01	6.18	1.87	3.66	2.11	1.31	1.20	4.63	3.30	11.88	2.01	3.48	2.72	3.58	0.88	1.99	4.09	1.54	0.93	6.43	3.01	1.60	0.83	11.08	4.75	8.94
G232_00502	9.90	3.56	6.76	1.90	3.03	2.48	1.99	1.14	3.93	8.11	11.68	1.63	3.04	2.73	3.32	1.04	8.61	5.59	1.74	1.10	6.58	2.23	6.37	1.09	11.68	5.34	9.18
G232_00503	8.39	1.14	7.21	1.59	4.36	1.09	1.76	1.17	2.87	3.52	9.27	2.18	2.36	1.50	3.78	0.66	1.71	5.29	1.52	0.57	7.13	1.96	1.72	1.51	10.28	5.02	11.15
G232_00504	8.23	0.77	6.95	1.99	5.62	2.50	1.71	1.47	4.41	2.53	10.95	1.54	3.15	2.30	3.46	0.45	1.41	4.74	1.67	1.03	6.69	3.30	1.06	1.36	12.22	4.92	9.74
G232_00505	7.40	0.00	4.86	1.64	3.95	1.65	1.03	0.26	5.97	1.18	9.18	1.53	4.02	3.12	5.37	0.59	0.20	5.28	0.88	0.52	4.71	2.11	0.00	0.47	13.26	5.41	10.97
G232_00506	9.64	1.51	5.61	2.58	3.23	1.88	1.73	1.43	4.74	3.52	11.48	1.66	4.31	2.65	4.35	0.94	1.48	5.17	2.05	0.55	6.10	1.94	1.75	1.10	8.13	5.21	9.06
G232_00507	8.36	1.17	6.43	1.49	3.81	1.80	1.03	1.64	3.61	2.35	10.54	1.53	3.66	2.57	3.92	0.69	1.65	4.54	1.27	0.90	6.50	2.52	1.37	1.17	10.89	4.89	9.06
G232_00508	8.46	0.45	4.82	1.65	3.26	1.04	1.30	1.15	4.50	1.17	9.53	1.80	2.98	2.10	3.45	0.79	0.51	4.17	1.59	1.01	6.02	2.46	0.46	0.85	10.18	4.46	9.43
G232_00509	10.71	1.19	5.52	1.66	3.92	1.86	0.81	1.57	5.88	4.15	9.90	1.99	3.20	2.87	4.50	1.10	2.69	4.95	1.34	0.75	5.66	2.09	1.25	1.21	11.35	5.32	9.34
G232_00510	9.95	6.42	9.09	2.62	3.80	3.60	3.25	2.58	4.85	15.71	4.19	2.22	4.80	2.60	5.39	1.63	17.76	6.12	2.69	0.81	4.02	5.87	13.95	0.85	20.89	4.54	7.23
G232_00511	6.44	1.60	6.10	1.85	4.66	0.99	0.50	1.21	3.60	2.84	10.59	1.79	2.54	2.12	3.35	1.18	1.89	5.12	0.67	0.79	6.87	2.92	2.00	1.55	8.87	5.28	7.15
G232_00512	7.19	1.74	7.13	1.59	3.32	1.68	1.72	1.84	3.42	2.47	9.15	1.53	2.62	1.99	3.35	0.84	1.89	4.95	1.15	1.33	7.78	3.10	2.12	1.45	9.24	3.93	10.47
G232_00513	7.62	1.32	6.96	1.92	3.84	1.78	1.35	1.12	3.29	3.91	10.81	1.73	3.39	2.07	3.48	0.59	3.82	4.40	1.55	0.97	5.35	2.09	2.87	1.32	10.14	4.40	8.45
G232_00514	6.25	0.21	5.88	2.71	2.99	1.73	1.53	1.02	2.33	0.68	0.32	1.35	3.82	3.31	5.71	1.14	0.07	4.48	1.02	1.20	6.35	2.79	0.13	1.31	10.80	4.02	8.44
G232_00515	9.60	0.53	6.27	2.08	4.06	2.36	1.44	1.95	3.39	3.10	11.34	2.46	5.45	1.70	3.33	1.41	1.14	3.33	1.64	1.09	7.07	2.46	0.68	0.96	10.52	4.36	8.18
G232_00516	8.31	0.19	6.73	1.94	4.10	1.30	0.87	1.44	3.02	1.89	9.59	1.59	2.55	2.30	2.39	0.62	0.02	4.09	1.19	0.49	7.56	2.49	0.18	0.91	10.58	4.41	9.72
G232_00517	10.99	4.74	6.89	2.28	4.38	2.01	2.98	2.95	4.89	9.40	7.78	1.75	3.85	2.85	3.27	2.34	11.89	4.50	1.23	1.44	6.20	2.74	8.29	0.56	12.10	5.99	11.24
G232_00518	10.38	1.46	4.13	2.59	4.75	1.66	2.34	1.82	3.42	1.57	0.07	2.11	3.74	2.05	0.00	1.27	1.84	4.80	2.06	1.01	5.59	3.52	1.04	0.70	12.69	6.09	11.67
G232_00519	7.90	2.28	6.15	2.32	4.02	2.27	1.44	1.17	3.33	6.70	9.44	1.10	3.77	2.18	3.91	0.97	7.49	4.95	1.69	0.83	6.06	2.10	4.18	0.65	10.96	4.86	8.22
G232_00520	6.07	4.24	6.50	1.80	1.64	2.73	1.18	0.90	5.51	10.49	13.77	2.48	4.53	3.09	4.49	1.02	6.35	8.38	1.65	1.77	6.08	3.25	7.13	1.72	10.13	7.92	13.39
G232_00521	6.39	0.75	6.45	1.51	3.51	2.04	1.38	0.65	4.20	1.70	8.69	1.30	2.94	2.73	3.57	1.04	0.28	4.86	1.46	1.21	8.65	1.84	0.40	1.81	9.97	4.24	10.31
G232_00522	3.75	0.87	4.25	1.40	3.05	2.20	0.53	0.84	4.79	3.75	9.05	1.66	2.99	3.55	2.54	1.00	1.84	3.44	0.58	1.32	4.40	2.90	1.75	0.55	11.85	4.65	13.12
G232_00523	10.02	3.51	7.10	2.53	4.77	2.76	1.58	1.38	3.81	7.56	8.79	1.87	3.84	2.69	3.66	0.37	7.85	5.34	1.43	0.81	5.81	2.72	8.27	1.68	11.02	4.35	10.46
G232_00524	10.64	0.28	6.42	2.16	2.88	1.84	1.04	1.06	3.25	3.01	9.85	1.91	2.22	2.08	3.35	0.73	0.66	4.70	1.29	1.19	5.53	2.10	0.23	0.75	10.48	4.81	10.14
G232_00525	8.67	0.59	6.00	1.83	4.10	1.27	1.44	1.49	3.94	2.39	9.56	2.08	3.89	1.67	3.62	0.84	0.96	4.11	0.57	0.78	6.76	3.02	1.01	0.66	12.29	5.44	9.42
G232_00526	11.36	12.58	5.56	2.24	2.78	5.58	1.50	0.85	3.76	20.27	9.94	1.68	3.62	2.05	3.05	1.46	24.56	6.74	2.60	1.81	5.54	1.89	12.64	1.44	8.38	4.79	11.47
G232_00527	8.15	0.19	5.23	2.09	3.98	1.27	0.69	1.28	4.09	1.30	10.39	1.13	3.64	2.30	3.33	1.29	0.24	4.11	1.55	0.92	5.37	2.08	0.16	1.33	9.49	4.37	9.77
G232_00528	5.12	0.00	5.25	3.48	2.39	2.68	1.48	1.25	5.22	0.75	12.01	2.78	3.31	3.22	5.21	0.38	0.00	6.62	0.75	0.45	6.86	1.52	0.37	0.96	12.53	4.53	9.86
G232_00529	8.11	0.95	4.67	1.53	2.97	0.91	1.10	1.53	4.88	3.62	9.64	1.64	3.00	2.23	3.78	0.55	1.73	5.00	0.86	0.48	4.55	1.89	0.99	0.89	12.71	4.84	9.78
G232_00530	7.63	0.00	5.91	1.62	2.90	2.24	1.11	1.01	4.97	0.92	9.33	2.91	3.60	1.62	0.00	0.62	0.19	5.12	0.90	0.84	6.83	1.89	0.00	0.45	8.01	5.83	8.34
G232_00531	5.71	0.01	9.25	2.86	3.71	1.26	1.51	1.96	3.46	1.80	3.46	2.52	4.59	2.41	1.31	0.68	0.00	4.32	1.42	1.00	5.12	1.65	0.00	1.24	13.05	6.29	8.39
G232_00532	14.44	13.98	7.24	2.76	5.19	4.16	3.68	2.51	5.51	25.19	14.27	1.85	4.95	2.76	4.89	1.40	29.85	8.22	2.58	1.83	6.14	3.38	22.77	0.90	17.65	7.25	11.98
G232_00533	7.47	1.62	4.27	2.05	4.90	2.18	1.70	2.21	4.88	3.10	12.38	1.94	3.09	3.02	3.34	2.26	3.73	4.61	1.98	0.95	6.44	2.66	1.79	0.56	11.31	5.44	11.26
G232_00534	8.98	0.29	5.53	1.98	4.27	2.09	1.79	1.29	4.49	2.10	9.36	1.57	3.05	2.29	4.18	0.73	0.69	4.31	1.47	1.17	6.34	2.49	0.55	1.26	11.22	3.96	9.52
G232_00535	6.76	0.70	6.43	1.60	3.75	1.31	0.72	1.01	3.89	2.09	9.66	1.78	3.83	1.82	4.44	0.45	0.94	4.45	1.50	0.83	5.33	2.31	0.93	0.96	10.62	3.99	8.33
G232_00536	6.71	0.11	8.14	1.74	4.35	1.25	0.92	1.68	3.61	3.05	9.88	1.80	1.85	2.20	3.66	0.56	0.66	4.05	1.80	0.72	5.61	1.85	0.66	0.75	12.50	4.83	6.68
G232_00537	8.31	0.00	5.93	1.94	3.38	1.28	1.18	1.47	3.25	1.88	11.64	2.68	3.78	2.12	3.73	0.92	0.09	4.76	1.22	1.19	6.15	2.53	0.10	0.40	10.99	5.15	10.74
G232_00538	31.35	0.21	8.87	2.11	12.62	0.49	3.17	2.21	6.21	4.56	0.00	3.39	3.92	11.07	3.76	1.44	0.06	21.12	1.83	1.32	10.29	2.99	0.00	0.43	12.23	8.88	48.44
G232_00539	6.89	0.12	4.19	2.02	3.77	1.38	0.79	1.51	3.93	2.57	13.48	2.08	3.69	2.29	3.90	0.56	0.00	4.83	1.18	0.84	6.78	2.51	0.12	1.29	9.57	3.40	8.62
G232_00540	5.71	0.27	5.39	1.21	4.48	1.23	1.73	1.31	3.71	1.22	0.92	1.12	3.47	2.27	0.70	0.69	0.34	4.29	0.74	1.04	6.01	2.56	0.56	0.85	9.78	4.30	8.66
G232_00541	6.38	0.72	6.36	1.71	3.97	1.61	1.37	0.97	2.35	1.59	9.66	0.74	2.64	1.61	3.71	1.00	0.51	3.25	1.10	1.39	6.30	1.96	0.70	0.88	7.16	3.99	8.05
G232_00542	6.51	0.14	5.66	1.66	3.62	1.22	0.94	1.22	5.08	1.83	8.38	1.04	3.37	1.53	3.35	0.93	0.05	3.97	1.38	0.97	5.61	1.81	0.07	0.51	11.72	5.35	9.32
G232_00543	7.88	0.16	5.51	1.79	4.68	1.17	1.15	0.98	3.90	1.99	10.78	2.36	3.01	2.45	3.88	0.46	0.09	5.78	1.21	0.95	5.05	2.19	0.16	1.22	12.14	5.75	10.49
G232_00544	7.03	0.27	8.31	2.34	4.81	2.55	1.06	2.43	2.21	3.35	9.50	1.58	3.91	3.32	3.03	0.99	0.00	4.02	0.99	0.96	6.92	2.36	0.39	1.57	9.65	3.84	8.08
G232_00545	8.24	2.42	5.86	1.64	4.92	2.94	1.57	0.81	4.73	7.07	8.88	1.66	2.90	3.03	3.10	0.98	6.38	6.08	1.17	0.86	6.47	3.06	3.30	0.97	9.24	5.33	9.85
G232_00546	8.63	0.23	6.06	1.72	3.60	1.32	1.24	1.55	5.05	3.11	12.91	2.28	3.39	2.79	3.39	1.17	0.64	5.71	1.16	0.66	5.74	1.28	0.34	0.87	13.04	5.31	8.38
G232_00547	7.13	0.28	5.61	2.15	3.43	1.91	1.38	0.92	3.95	2.24	11.80	1.85	3.72	1.51	3.45	0.92	0.36	4.77	0.86	1.03	6.70	1.90	0.36	0.68	12.27	4.02	7.70
G232_00548	16.16	0.19	12.43	5.83	7.40	3.50	1.77	2.52	11.24	2.33	2.15	4.55	9.38	5.33	11.61	1.89	0.02	7.07	2.28	2.02	15.84	3.71	0.25	1.82	21.01	9.16	15.24
G232_00549	4.58	0.13	3.13	1.11	3.58	0.94	0.61	1.31	4.61	1.03	0.98	1.36	2.42	1.75	3.31	0.36	0.00	3.52	0.87	0.30	5.88	0.69	0.00	0.77	5.05	3.11	6.03
G232_00550	16.24	0.05	5.25	2.04	10.68	0.63	2.59	1.19	3.91	0.54	1.35	4.80	2.70	2.20	9.70	0.97	0.00	4.15	1.42	0.38	7.04	2.45	0.21	0.83	10.14	5.40	10.35
G232_00551	20.25	0.35	10.24	4.66	14.26	2.33	3.81	2.23	3.72	1.79	0.77	6.09	7.04	3.30	11.36	2.08	0.05	4.67	1.10	0.53	11.21	2.45	0.11	1.32	12.57	7.49	8.71
G232_00552	17.53	0.18	10.86	3.77	11.56	0.63	3.14	2.16	3.91	1.60	0.20	5.75	5.29	3.04	8.66	1.05	0.00	4.24	1.02	0.96	9.54	2.45	0.27	1.75	10.83	5.66	7.37
G232_00553	16.38	0.00	11.40	3.92	4.92	1.37	1.65	2.57	8.66	1.43	0.00	1.88	6.84	1.46	2.08	1.33	0.00	3.95	2.77	2.50	12.67	6.74	0.17	0.92	22.04	8.73	6.55
G232_00554	3.29	0.00	2.86	0.75	1.92	1.05	1.21	0.38	3.55	0.36	1.32	1.13	1.13	2.21	1.70	0.87	0.00	3.47	1.32	0.29	5.68	1.02	0.00	1.30	9.66	3.17	6.16
G232_00555	11.84	2.62	8.75	4.22	3.14	4.21	1.77	2.18	5.26	3.05	0.00	1.99	4.20	4.89	3.97	3.25	2.83	5.27	1.09	1.22	6.58	3.01	2.53	1.85	10.76	4.75	13.66
G232_00556	11.84	2.28	9.51	2.98	3.91	1.85	2.25	2.56	4.53	1.49	0.29	1.86	3.16	2.26	0.29	0.89	0.15	6.28	1.06	0.57	6.44	3.12	0.04	2.85	14.72	4.57	10.38
G232_00557	9.36	0.08	8.20	4.33	3.24	2.28	0.36	2.12	4.80	1.33	0.00	1.54	2.77	1.78	0.21	2.28	1.37	4.66	0.25	1.11	4.63	1.14	0.59	1.58	1.46	4.49	9.99
