GENE	Rstd	SM102	SM104	SM105	SM108	SM109	SM11	SM122	SM13	SM14	SM18	SM24	SM27	SM28	SM29	SM35	SM36	SM42	SM48	SM57	SM66	SM67	SM72	SM74	SM84	SM9	SM91
G232_00707	9.26	0.07	5.86	1.86	3.56	0.88	0.42	0.97	5.44	0.18	1.27	2.06	3.65	2.23	4.43	1.16	0.00	4.02	1.32	1.25	4.60	2.45	0.00	0.66	10.41	5.25	10.58
G232_00708	6.87	0.19	7.11	2.09	3.92	1.35	1.29	1.09	4.06	1.90	9.61	2.05	4.57	2.49	3.61	0.46	0.53	7.23	1.03	0.61	6.26	2.30	0.66	1.01	11.18	5.61	9.77
G232_00709	9.72	0.00	7.32	2.30	3.85	1.86	0.72	1.73	5.88	2.37	11.68	1.88	4.70	1.77	5.18	0.57	0.00	5.98	1.39	0.93	6.73	2.38	0.39	1.00	12.56	5.22	11.30
G232_00710	8.81	5.49	6.12	1.46	3.52	3.10	3.11	1.09	3.97	11.61	10.34	1.78	4.10	2.65	3.68	1.28	11.97	5.79	1.39	1.01	6.60	3.38	7.92	1.36	10.68	3.65	8.55
G232_00711	8.07	0.25	4.63	1.57	5.29	1.28	1.55	1.85	3.11	2.54	12.62	2.41	3.61	2.69	4.21	0.54	0.22	4.28	1.12	0.94	6.95	1.96	0.05	1.37	10.88	5.92	7.66
G232_00712	7.87	0.04	4.51	0.88	3.63	1.25	1.59	1.00	5.01	2.02	9.18	2.01	4.52	3.23	4.84	0.90	0.17	5.20	1.91	0.74	5.70	1.94	0.26	0.67	10.89	6.50	10.62
G232_00713	6.24	0.36	5.71	1.90	2.46	1.60	1.07	0.77	5.17	2.29	12.28	3.60	5.75	4.04	5.21	0.61	0.60	5.95	1.37	0.92	6.95	2.00	0.38	0.76	11.10	8.50	11.51
G232_00714	8.31	0.24	6.13	2.21	4.18	1.63	1.09	1.36	4.19	2.01	9.76	1.88	3.98	1.92	3.64	0.73	0.12	4.21	1.13	0.92	5.10	2.64	0.10	1.10	11.63	5.23	9.50
G232_00715	11.52	0.03	6.64	2.83	4.56	1.61	1.92	1.79	3.19	1.25	0.00	2.09	2.97	1.89	0.05	1.44	0.24	5.30	1.50	1.13	7.74	2.96	0.36	1.23	12.87	5.37	10.49
