GENE	Rstd	SM102	SM104	SM105	SM108	SM109	SM11	SM122	SM13	SM14	SM18	SM24	SM27	SM28	SM29	SM35	SM36	SM42	SM48	SM57	SM66	SM67	SM72	SM74	SM84	SM9	SM91
G232_07109	7.52	2.61	5.68	1.96	4.15	2.40	1.77	1.06	3.83	5.51	11.29	1.63	3.71	2.29	4.52	1.25	5.11	5.01	1.74	0.81	6.64	3.58	3.17	0.90	11.64	4.71	9.34
G232_07110	8.74	0.43	6.28	2.45	4.54	2.10	1.90	1.33	5.33	2.67	10.64	1.66	4.27	2.59	3.68	0.97	0.49	4.81	1.49	0.71	7.66	3.06	0.50	1.30	12.20	5.68	10.08
G232_07111	6.07	1.58	4.10	1.10	3.52	2.34	1.30	1.58	4.43	3.59	8.27	0.87	3.17	1.43	3.38	1.21	5.62	3.99	0.90	0.92	3.94	1.93	3.36	0.61	8.96	3.32	7.56
G232_07112	9.84	0.80	5.88	1.63	3.94	1.69	1.30	1.46	3.21	3.82	9.90	1.19	3.49	2.11	3.69	1.02	1.82	5.14	1.56	0.92	6.69	2.95	1.68	0.90	9.98	4.57	8.69
G232_07113	9.62	1.02	7.98	2.43	4.08	2.15	1.04	1.06	5.67	4.47	10.65	2.15	4.82	2.34	5.24	0.80	3.01	4.92	1.34	2.01	6.57	3.00	1.94	1.05	12.11	5.15	10.76
G232_07114	7.61	3.72	5.31	1.13	4.14	2.33	1.95	1.20	5.08	5.18	11.79	1.94	6.08	2.42	4.85	0.77	3.82	4.49	1.64	0.85	5.81	2.65	3.55	0.97	12.94	6.31	11.21
G232_07115	7.49	0.77	5.59	2.12	3.46	1.54	1.33	1.25	5.18	2.39	10.62	1.98	3.59	3.06	3.93	0.76	1.20	5.04	2.21	1.06	7.22	2.60	1.27	0.93	11.41	6.05	10.35
G232_07116	8.42	1.56	5.51	1.69	3.21	2.14	1.60	1.43	4.33	3.93	10.51	1.46	4.54	2.19	4.00	0.79	3.98	4.66	1.36	1.26	5.90	3.08	2.80	0.92	11.24	4.38	9.82
G232_07117	5.69	1.90	6.90	1.22	4.38	2.18	1.92	2.78	4.60	7.42	10.58	1.42	4.15	1.34	4.26	0.55	5.02	4.69	1.06	1.51	7.94	1.36	4.08	1.72	9.95	5.61	10.44
G232_07118	8.46	4.33	5.90	2.00	3.24	2.37	1.17	0.46	6.05	7.26	12.26	2.62	5.08	2.46	4.21	0.61	7.56	6.37	2.27	0.84	6.37	2.03	6.83	1.21	11.63	6.74	10.18
G232_07119	8.94	0.60	6.68	2.11	4.47	1.45	1.29	1.86	4.65	2.77	11.07	1.58	4.33	2.38	3.96	1.06	0.92	3.73	1.15	0.90	6.06	2.42	0.88	1.13	12.18	4.79	10.23
G232_07120	7.10	1.32	4.95	2.67	3.81	1.81	1.08	2.25	4.24	5.09	11.42	2.34	3.72	2.72	6.30	0.78	4.09	5.49	1.13	1.55	5.67	3.60	3.30	1.38	13.98	5.97	10.13
G232_07121	8.42	0.70	5.01	1.51	2.86	1.10	1.03	1.21	5.27	3.62	12.31	2.49	5.21	3.83	4.95	0.51	1.71	4.47	0.96	1.02	5.98	3.09	1.19	1.12	13.07	5.98	9.26
G232_07122	7.60	2.83	5.99	1.65	2.67	2.03	1.34	2.10	3.71	6.06	11.19	1.65	4.58	2.52	4.16	0.59	6.49	5.86	1.42	1.07	6.12	2.18	5.59	1.24	9.86	5.21	9.69
G232_07123	8.69	0.40	5.04	1.45	5.23	2.15	1.54	1.18	4.43	2.77	11.79	1.92	3.91	2.45	3.92	0.26	0.28	5.06	1.52	1.49	7.47	1.97	0.34	1.14	10.89	4.82	9.47
G232_07124	7.96	5.42	7.07	1.57	4.47	2.78	1.95	0.89	2.71	11.95	11.64	2.38	2.27	2.19	2.20	1.45	13.18	4.43	0.97	1.21	6.09	2.32	11.49	0.71	10.98	4.16	9.25
G232_07125	6.52	0.85	6.88	1.25	2.88	2.46	1.75	0.92	3.14	3.07	10.22	1.54	1.91	2.40	3.37	0.81	1.36	3.62	1.09	0.70	6.51	2.19	1.16	0.87	9.09	3.30	8.92
G232_07126	7.86	0.00	5.59	2.66	4.01	0.95	0.94	1.36	4.16	1.76	12.73	1.19	4.48	1.19	3.71	1.28	0.00	4.27	1.34	0.89	5.99	3.16	0.28	0.66	10.77	5.14	9.54
G232_07127	8.06	1.80	6.97	1.43	3.80	1.87	1.65	1.25	4.38	4.83	8.18	1.71	2.72	2.94	2.80	0.88	5.89	4.54	1.18	1.26	5.77	2.45	5.23	0.84	8.66	3.70	10.46
G232_07128	11.53	0.88	5.20	0.51	4.67	1.52	1.30	1.02	3.31	1.67	8.07	0.90	2.29	1.91	2.69	0.59	0.77	3.98	0.71	0.61	4.86	2.53	0.91	0.59	8.01	3.58	8.00
G232_07129	8.44	1.29	6.71	1.23	3.11	2.25	1.17	0.56	4.59	3.37	9.86	1.93	4.63	2.80	3.77	0.93	1.54	5.00	1.28	1.34	6.00	1.99	0.85	1.62	11.14	5.97	9.17
G232_07130	4.73	6.31	5.21	1.25	3.50	3.40	1.64	0.78	3.55	12.30	9.83	2.85	3.64	2.61	3.14	0.91	12.32	6.10	1.39	1.44	5.12	3.10	9.11	0.89	13.09	3.77	10.29
G232_07131	6.33	2.72	5.77	2.20	4.26	2.43	1.87	0.97	3.08	5.36	7.60	2.05	3.58	2.18	2.58	0.82	6.86	4.05	1.38	1.03	5.94	3.03	4.31	1.28	10.04	5.11	9.54
G232_07132	6.63	0.45	6.82	1.38	3.94	2.21	1.42	1.59	3.59	2.02	12.34	1.60	4.17	2.34	3.84	0.44	0.81	4.22	0.95	1.29	7.23	2.70	0.64	0.76	12.04	5.50	12.47
G232_07133	3.85	6.24	3.41	1.77	3.02	2.35	2.68	1.13	3.19	13.49	9.66	1.20	3.86	2.47	3.73	0.99	15.34	6.50	1.46	0.85	4.19	2.23	8.29	1.05	6.92	6.19	8.79
G232_07134	8.73	0.13	6.98	2.29	4.37	1.20	0.52	1.68	3.55	2.14	10.73	1.24	1.71	2.09	2.63	0.92	0.24	3.30	0.80	0.88	4.53	2.05	0.23	0.87	8.77	3.46	9.33
G232_07135	8.20	0.42	8.41	1.74	3.91	1.61	2.23	0.72	4.11	1.91	10.96	0.97	3.02	1.81	2.76	0.72	1.87	3.24	2.14	0.93	5.56	2.44	1.41	1.94	12.55	5.56	9.79
