GENE	Rstd	SM102	SM104	SM105	SM108	SM109	SM11	SM122	SM13	SM14	SM18	SM24	SM27	SM28	SM29	SM35	SM36	SM42	SM48	SM57	SM66	SM67	SM72	SM74	SM84	SM9	SM91
G232_00582	0.9356	1.5664	0.8777	0.6887	0.9253	1.1174	0.9518	0.8543	0.6505	1.4785	1.2205	0.8333	0.9130	1.0536	1.1433	1.2476	1.9144	0.7113	1.1394	0.5378	0.7871	0.9318	2.1034	0.7266	0.8574	0.8016	0.8043
G232_00583	0.7275	0.1818	0.6519	0.6265	0.7054	0.6783	0.8916	0.8146	0.6524	0.6452	1.3642	0.8816	0.3822	0.7393	0.9444	0.4762	0.0700	0.7588	0.8970	0.7311	0.6684	0.7338	0.1034	0.5468	0.7506	0.8832	0.7476
G232_00584	0.6918	0.1399	0.7473	0.8911	0.7469	0.4826	0.6205	0.7682	0.6874	0.3790	1.4665	0.7632	0.8875	0.8107	1.1082	0.5429	0.1128	0.7412	0.7879	0.6891	0.6310	0.7370	0.1182	0.7122	0.9222	0.9296	0.6608
G232_00585	1.8484	0.2378	1.5578	1.7004	1.6473	1.5043	1.2651	0.8675	1.3010	0.5000	0.7125	1.7632	1.4820	1.8250	0.6667	1.6667	0.0895	1.8187	1.0000	1.3109	1.1755	0.8052	0.2414	2.0432	0.9291	1.2240	2.0957
G232_00586	0.5946	1.2098	0.8468	0.6615	0.9295	1.1522	0.8133	0.6490	0.9340	1.3414	1.4129	0.5219	0.7070	1.0357	1.7427	0.9333	1.7938	1.0264	0.7939	0.8739	0.9135	0.9416	1.5517	0.4388	0.7613	0.6336	0.9938
G232_00587	0.9970	0.6573	0.9234	0.7276	0.7759	1.0348	0.8554	0.8212	0.7087	0.8065	1.3995	0.8728	0.8365	0.9500	1.1433	1.0857	0.6615	0.9577	0.8242	0.5378	0.9419	1.0130	0.7094	1.1295	0.8665	0.7024	0.9513
G232_00588	0.8067	0.4755	0.7540	0.6887	0.9668	0.9478	0.6145	0.6954	0.7379	0.3710	0.6918	0.4781	0.8217	0.5929	0.4708	0.7333	0.3307	0.6285	0.8545	0.5714	0.7394	0.9675	0.4483	0.4388	0.8284	0.7824	0.7077
G232_00589	1.2101	3.7692	0.9798	0.4358	0.5996	1.2609	0.8614	0.7815	0.9107	2.5968	1.4787	1.3904	0.6709	0.9679	1.0117	1.0286	4.5992	1.5123	0.7818	1.0420	0.6529	1.0292	4.2512	0.3813	0.8902	0.9568	0.8202
G232_00590	0.9237	0.0000	0.9220	1.2257	0.7469	0.6261	0.6024	1.2914	0.7573	0.4919	1.2460	0.3991	0.6518	0.9286	0.9357	0.6571	0.0000	0.8662	0.7212	0.4202	0.6852	0.5682	0.0837	1.1079	0.8719	1.2672	0.7511
