GENE	Rstd	SM102	SM104	SM105	SM108	SM109	SM11	SM122	SM13	SM14	SM18	SM24	SM27	SM28	SM29	SM35	SM36	SM42	SM48	SM57	SM66	SM67	SM72	SM74	SM84	SM9	SM91
G232_00629	0.6987	2.6573	0.7809	0.7354	0.6473	1.0522	0.9217	0.6093	0.8311	2.4005	1.0268	0.7325	0.7070	0.7571	1.5088	0.7905	3.1089	1.0000	0.4970	1.2689	0.6361	0.7727	2.7389	0.5324	0.7895	0.6720	0.6661
G232_00630	0.8484	0.2937	0.7272	0.4319	0.8838	0.8913	0.6988	0.8146	0.6000	0.6452	1.1291	0.6798	0.7813	0.7714	0.9561	0.6000	0.2257	0.8838	0.8182	0.9748	0.7729	0.7597	0.4581	0.6403	0.6995	0.6224	0.6980
G232_00631	0.6611	0.7762	0.7191	0.6770	0.6349	0.7870	0.5060	0.4636	0.5340	0.6855	1.0341	0.5526	0.4055	0.5286	1.0029	0.9810	0.5019	0.8063	0.9394	0.5882	0.6800	0.6656	0.7635	0.8633	0.5454	0.5152	0.5678
G232_00632	0.6739	0.2937	0.7379	0.7510	0.9855	0.7913	0.1446	0.0596	0.5573	0.2930	0.9342	0.4386	0.8535	0.4607	0.9971	0.7143	0.1868	0.7254	0.7273	1.0000	0.8335	0.4838	0.4828	0.7770	0.5698	0.9488	0.6537
G232_00633	0.8999	0.5035	1.0941	0.7082	0.9025	0.7565	0.9880	0.7086	0.8816	0.2769	1.0499	0.9254	0.8217	0.7357	0.9942	1.5143	0.3930	0.6849	0.6970	0.9412	1.0077	0.8344	0.5320	1.1151	0.6812	0.7904	0.6829
G232_00634	0.7592	0.1189	0.6532	0.5447	0.7303	0.5130	0.2952	0.4305	0.8330	0.6075	1.3983	0.7763	0.7155	0.8464	0.7485	0.3524	0.1673	0.8415	0.6848	0.5966	0.6568	0.4416	0.3399	0.8201	0.9199	0.6832	0.9309
G232_00635	0.6145	0.3427	0.7151	0.8054	0.6556	1.0130	0.5904	1.2649	0.5748	0.8253	1.2302	0.1798	0.5669	0.8429	0.8947	0.5333	0.0817	0.5951	0.8727	0.9328	0.9613	1.2175	0.1970	0.6331	0.7597	0.7408	0.6244
G232_00636	0.8375	0.1259	0.7581	0.9261	0.7054	0.7087	0.5482	1.0000	0.9612	0.5161	1.2533	0.8640	0.7983	0.7250	0.9942	0.7143	0.0623	1.0423	0.9152	0.7479	0.8000	0.7890	0.0443	0.4388	0.7994	0.6416	0.8308
G232_00637	0.7939	0.0350	0.7204	0.8171	0.9004	1.3130	1.3313	0.7086	0.8019	0.4624	2.2582	0.8289	0.6815	0.6821	0.0556	1.4667	0.0000	0.7306	0.9818	0.3193	0.8219	0.9870	0.0739	1.0000	0.9703	1.0192	0.9123
