GENE	Rstd	SM102	SM104	SM105	SM108	SM109	SM11	SM122	SM13	SM14	SM18	SM24	SM27	SM28	SM29	SM35	SM36	SM42	SM48	SM57	SM66	SM67	SM72	SM74	SM84	SM9	SM91
G232_10047	0.9960	0.0000	1.1304	0.4747	1.1577	1.2043	0.7410	1.4702	1.3398	0.6855	0.0000	1.9868	1.0212	0.9821	0.0906	0.3429	0.0000	1.1937	1.1152	1.2437	1.0400	0.3214	0.0000	0.3309	0.7330	0.6144	1.4482
G232_10048	0.8176	0.8741	0.7796	0.7938	0.7552	0.6696	0.9518	0.7285	0.6039	1.1290	1.0426	0.8026	0.7325	1.1321	0.9357	1.1333	1.0506	0.8539	0.8121	1.2353	0.8916	0.9286	1.1034	0.5755	0.6842	0.7744	0.6900
G232_10049	0.8176	1.5944	0.8454	0.7160	0.7137	1.0478	1.2410	0.9868	0.8272	1.3737	1.1961	0.8421	0.8025	0.9214	1.0380	0.5905	1.6693	0.6884	0.7091	0.8655	0.8787	0.8506	1.0739	0.9496	0.7681	0.8592	0.8317
G232_10050	0.9941	0.5804	0.7379	0.5992	0.7905	0.6565	0.8313	0.9404	0.7650	0.9274	1.2485	0.6974	0.5987	0.8821	1.1140	0.7429	0.9533	0.8151	0.6848	0.7563	0.7432	0.8117	0.9754	0.5683	0.7513	0.7152	0.7591
G232_10051	0.8087	0.0839	0.7124	0.6615	0.9378	0.6174	0.2410	0.6424	0.7553	0.4973	1.2960	0.8333	0.9979	1.1286	1.0088	0.3333	0.0000	0.8380	0.8667	0.6050	0.6361	0.9805	0.0000	0.6763	0.8177	0.8608	0.9451
G232_10052	0.7830	1.1958	0.8495	0.6576	0.9336	0.7000	0.6867	0.8874	0.6621	1.0054	1.0097	0.5833	0.7240	0.9250	0.9795	0.8190	1.1595	0.6127	0.9576	0.9496	0.8774	0.7532	1.0049	1.1079	0.6590	0.7376	0.7024
G232_10053	0.7602	0.9580	0.7702	0.8016	0.8610	0.6130	1.0783	0.4967	1.0680	0.5591	1.3569	0.4956	1.0085	0.8250	1.1404	1.7905	0.9805	0.6831	0.9515	0.3782	0.8323	0.5065	1.2956	1.4820	0.7025	0.9312	0.7378
G232_10054	0.5233	3.2238	0.7930	0.8093	0.6494	1.2783	1.6867	0.5695	1.0699	2.6075	1.7491	1.0921	0.9703	1.0179	1.5614	0.6571	3.7082	1.3099	0.8485	1.3613	0.7303	0.8604	3.8325	0.9856	0.8741	1.0672	1.0886
G232_10055	0.8999	0.2797	0.7285	0.7354	0.6826	0.7304	0.6446	0.7881	0.8019	0.4247	1.3532	0.7237	0.6624	0.8536	1.1082	0.7143	0.1634	0.8187	0.6848	0.9496	0.7252	0.8636	0.2463	0.8345	0.8436	0.8064	0.8078
G232_10056	0.8077	1.6923	0.5753	0.4008	1.1266	1.7130	0.8916	0.9139	0.6544	1.9731	1.4762	0.9605	0.9979	0.5571	1.0205	0.3048	3.3774	0.9085	1.5758	1.0084	0.6155	0.6234	3.6847	0.3813	0.6850	0.5904	0.8043
G232_10057	0.8940	2.4266	0.7366	0.8444	0.9315	0.9826	0.7952	0.8212	0.9592	2.2124	1.3691	0.5000	0.8280	1.0536	1.0497	0.8762	2.6109	0.6901	0.9030	0.5294	0.6439	1.1429	2.3793	0.5612	0.7635	0.7120	0.9548
G232_10058	0.6521	0.0000	0.8602	0.9650	0.6328	1.0217	0.7229	1.8411	0.8699	0.5672	1.3033	0.6228	0.4310	0.8357	1.1433	0.2476	0.0039	0.9930	1.2182	0.6723	0.8774	0.7792	0.0493	0.7770	0.6979	0.8464	0.7343
G232_10059	0.5342	0.1049	0.5538	0.7471	0.6743	1.1391	0.3614	0.9272	0.4816	0.7097	1.2412	1.0132	0.5732	0.8143	0.6754	0.2095	0.0000	0.4701	1.0727	0.9748	0.7200	0.6688	0.0099	0.5540	0.7155	0.6448	0.6891
G232_10060	0.7721	1.1818	0.7755	0.5136	0.7054	0.7043	0.5542	0.5762	0.8350	1.0269	0.9586	0.5263	0.5541	0.8536	1.2924	0.6571	0.9105	0.6426	0.7333	0.4706	0.5665	0.7110	1.0443	0.6619	0.7841	0.5168	0.7449
G232_10061	0.6571	1.1748	0.7621	0.3696	0.7822	0.8261	0.5301	0.5828	0.6718	0.3978	1.1328	0.9737	0.7197	0.9250	1.0936	0.7143	0.4202	0.4842	0.6606	0.7899	0.6671	0.3052	0.6995	0.6259	0.7094	0.5600	0.4207
G232_10062	0.7770	0.3217	0.7782	0.7743	0.6349	0.5870	0.6446	0.8344	0.7534	0.4167	1.2801	0.9342	0.6030	0.6786	1.0614	0.5238	0.2840	0.6778	0.6545	0.5546	0.7032	0.7890	0.4089	0.4748	0.8398	0.6912	0.8521
G232_10063	1.1477	0.4196	0.8790	0.7004	1.0643	0.6261	1.0060	1.1325	0.9223	0.8790	1.2533	0.9167	0.6879	0.6857	1.1871	0.8952	0.3191	0.8486	0.8061	0.7899	0.8400	0.8669	0.1970	0.5108	0.9519	0.8000	0.9531
G232_10064	0.6848	0.6923	0.8280	0.6031	0.8610	1.0478	0.3253	0.5894	0.8602	0.9597	1.1035	0.4123	0.7728	0.6321	1.0848	0.8095	0.8833	0.9225	1.0061	0.9076	1.0245	0.6916	0.6995	0.8561	0.8101	0.7376	0.8069
G232_10065	0.7790	2.0210	0.8656	0.7198	0.9585	1.0913	0.9157	0.8742	0.7437	1.7903	1.2728	0.5526	0.6645	1.0679	1.1988	0.8571	1.9377	0.7835	1.4182	1.3109	0.8890	0.8669	1.9310	0.7050	0.7780	0.8736	0.8609
G232_10066	1.1130	0.3147	0.8629	0.8444	0.6909	1.1826	0.4759	0.8675	0.8175	0.2688	1.4762	1.1184	0.8514	0.8393	1.0439	1.4571	0.2257	1.0335	0.6909	1.1513	0.8619	0.6591	0.3448	0.4604	0.8192	0.7680	0.9548
G232_10067	0.7294	1.6713	0.8320	0.7588	0.7116	0.9174	0.8072	0.7815	0.7670	1.2097	1.2290	0.6886	0.8025	0.6643	0.8977	1.0667	2.1790	0.7658	0.7091	0.7479	0.8142	0.7078	1.8719	0.8345	0.8169	0.8720	0.8822
G232_10068	0.9138	0.2378	0.7715	0.7276	0.7863	0.5391	0.5422	0.7748	0.7282	0.5376	1.2071	0.7500	0.8174	0.7357	1.0673	0.8667	0.2490	0.7289	0.8970	0.4454	0.6465	0.8182	0.2709	0.5540	0.8787	0.7472	0.8344
G232_10069	1.2071	9.1888	1.1263	0.5486	0.9710	1.7174	2.5120	1.8278	0.6835	6.0134	1.9001	0.8772	0.9469	1.4250	2.2515	1.3810	13.1012	1.3820	2.0121	1.5042	0.7406	0.8214	10.4483	0.4173	0.9573	1.0096	1.0177
G232_10070	0.8672	0.1818	0.9368	0.9611	0.8734	0.9217	0.7169	1.2848	0.8816	0.5645	1.5615	0.6535	0.9851	0.6964	1.1170	0.7524	0.0233	0.8222	0.7030	1.2353	0.9394	0.6071	0.1281	0.7194	0.7483	0.7680	0.7254
G232_10071	0.6392	0.0559	0.8387	0.5914	0.5353	0.6913	0.9458	0.2252	0.5573	0.5591	1.1693	0.6316	0.7431	1.1500	0.9942	0.7524	0.1712	0.7218	0.5636	0.1849	0.8529	0.7630	0.1084	0.6547	0.9939	0.9024	0.9548
G232_10072	0.7374	0.0000	1.2460	1.0156	1.1618	0.6391	0.4096	0.6026	0.9320	0.5726	0.8940	0.6447	0.7622	0.8107	1.1082	0.7714	0.0000	0.6232	0.6242	0.2185	0.8994	0.6883	0.0000	0.5252	0.9169	0.7232	0.8955
G232_10073	0.7869	1.6993	0.9046	0.7665	0.9357	0.7609	1.0663	1.0662	0.7049	1.9409	1.4555	0.7982	0.8047	1.0714	1.5380	0.6381	2.4747	0.8961	0.9697	1.3445	0.9200	0.8344	2.0148	1.0504	0.8543	0.9424	0.8583
G232_10074	0.9207	0.2308	0.7997	0.7510	0.8568	0.6609	0.4940	0.9669	0.7845	0.5269	1.2607	0.6447	0.8323	0.7821	1.3158	0.8190	0.0778	0.8046	0.8121	0.6807	0.6994	0.9448	0.1182	0.4748	0.9191	0.8000	0.8645
G232_10075	0.6174	0.9930	0.8508	0.4591	0.7510	0.5217	0.7590	1.2649	0.7204	1.3522	1.0097	0.6886	0.7389	0.4679	0.6550	1.2667	1.1089	0.8169	0.8727	0.3950	0.7187	0.6753	1.2857	0.7410	0.7147	0.5888	0.8459
G232_10076	0.9346	0.2308	0.9758	0.8327	0.7095	0.5870	0.6145	0.7219	0.6621	0.5726	1.3898	0.8816	0.5350	0.7893	1.0146	0.8571	0.1790	0.7835	0.4970	0.7143	0.7794	0.7662	0.2562	0.8777	0.8818	0.7216	0.9858
G232_10077	0.8315	1.3566	0.7742	0.8755	0.7012	0.7087	0.5663	1.6159	0.8485	1.4167	1.4153	0.9825	0.9299	1.1071	1.3860	0.9619	2.1128	1.2588	1.0788	0.5126	0.8490	1.0909	1.5222	0.9784	0.8841	0.9728	1.0204
G232_10078	0.7572	1.6573	1.0712	0.5642	0.7075	0.8304	0.7470	0.4437	0.7010	1.0457	1.4409	0.6930	0.8110	1.1214	0.9971	0.8095	1.1362	0.9032	0.4970	0.6975	1.0374	0.9838	1.5616	0.4029	0.9001	0.8624	0.8432
G232_10079	0.8741	0.5455	0.8952	1.0389	0.7552	0.9609	1.1446	0.8278	0.8058	0.9032	1.2083	0.8772	0.6730	0.8929	1.0263	1.0095	1.0000	0.8486	1.1091	0.7815	1.0232	0.9870	0.9310	1.0576	0.8886	0.8016	0.8981
G232_10080	0.8840	0.3706	0.7339	0.8599	0.7967	1.0870	0.6747	0.6159	0.9728	0.7339	1.4811	0.8246	0.9873	0.9464	1.3567	0.8667	0.2918	0.8873	0.9273	0.8403	1.0400	0.8734	0.2414	1.0576	0.8795	0.8352	0.8113
G232_10081	0.7611	8.2448	0.8401	0.3307	0.7759	1.4522	0.5964	0.8013	0.9049	4.2742	1.4129	1.3114	0.6051	1.4821	1.6579	2.0000	8.2451	0.8680	1.4485	1.0840	0.7935	0.7045	3.4335	0.2878	0.8444	0.8816	1.0071
G232_10082	1.0714	0.1958	0.8978	0.6887	0.7407	0.5957	0.6627	1.1788	1.0971	0.6102	1.0158	0.6623	0.7856	0.8464	0.7836	1.4286	0.2802	0.5880	0.8121	0.8655	0.8181	0.9773	0.2906	0.6331	0.9039	0.7344	0.8246
G232_10083	0.6809	2.2867	0.7339	0.7899	0.6971	0.9826	1.2349	0.5166	0.9728	2.0323	1.1559	0.8377	0.8577	0.5429	1.1345	0.9333	2.5875	0.7958	0.7273	1.1681	0.7613	0.7662	2.9606	1.0288	0.9512	0.7424	0.7617
G232_10084	0.7066	3.4895	0.8199	0.7626	0.9129	0.9087	0.9157	1.2781	0.6447	2.1989	1.4421	1.0702	0.7580	1.0571	1.0234	0.6952	3.5720	1.0088	0.9212	0.9244	0.7484	0.7110	3.3103	0.6547	0.9962	0.8544	0.9017
G232_10085	0.7988	0.2308	0.8495	0.7276	0.6743	0.7391	0.8012	0.7682	0.6854	0.2043	1.1583	0.4649	0.6391	0.9143	0.9006	1.2762	0.1206	0.7095	0.9879	0.5378	1.0658	0.9188	0.1970	0.9137	0.6529	0.7360	0.8999
G232_10086	0.8375	2.8601	0.8145	0.7121	0.7635	1.0087	1.1446	0.7020	0.7262	2.0672	1.3849	0.7237	0.6900	0.6357	0.9474	0.7333	2.9844	0.7641	0.9939	0.8824	0.5974	0.5747	2.8276	0.5396	0.8619	0.7712	0.7006
G232_10087	0.9267	1.1538	0.8884	0.7549	0.8216	0.7783	0.5181	1.0132	0.7398	1.1075	1.4823	0.6316	0.7771	0.6893	1.3187	0.9048	1.1323	0.9014	0.9879	0.5210	0.6735	0.8247	1.3990	0.6835	0.8947	0.8784	0.9105
G232_10088	0.9564	14.5524	0.7419	0.5914	0.7593	2.7435	2.5120	1.3046	0.7010	8.5618	1.0572	0.4825	0.7537	0.4857	0.9327	0.8095	16.4591	1.3151	1.5758	1.3950	0.5161	0.9026	15.4877	0.6331	0.9359	0.6640	0.7095
