GENE	Rstd	SM102	SM104	SM105	SM108	SM109	SM11	SM122	SM13	SM14	SM18	SM24	SM27	SM28	SM29	SM35	SM36	SM42	SM48	SM57	SM66	SM67	SM72	SM74	SM84	SM9	SM91
G232_09706	12.94	0.03	6.59	2.88	3.54	1.60	0.63	0.98	5.27	0.72	0.00	2.03	5.44	2.32	0.19	0.40	0.00	5.02	1.29	1.23	6.22	3.13	0.12	0.41	9.07	5.64	10.18
G232_09707	10.02	0.49	7.36	2.46	3.96	1.37	0.99	1.29	3.71	1.88	0.77	2.26	3.61	1.88	0.11	0.65	0.66	5.05	0.00	0.86	7.12	0.08	0.67	0.56	0.11	4.72	10.12
G232_09708	6.82	0.30	8.41	1.84	4.56	2.08	1.08	1.05	2.48	1.74	11.17	2.05	3.39	3.29	4.45	0.94	0.00	4.21	1.57	1.21	8.85	2.37	0.00	1.64	11.40	4.27	11.09
G232_09709	10.19	1.15	6.56	1.81	3.71	1.87	1.29	1.48	4.14	3.29	11.90	1.59	3.59	2.38	4.22	0.93	2.82	5.08	1.40	1.21	5.59	2.63	1.78	0.72	12.40	4.97	10.13
G232_09710	5.87	0.99	5.15	2.43	3.78	1.75	1.54	1.71	4.33	2.43	10.72	1.96	2.85	2.08	3.69	0.76	1.94	4.28	0.81	0.60	5.79	2.56	0.90	0.92	10.98	4.81	9.28
G232_09711	10.29	0.37	7.62	1.49	4.46	2.79	0.94	1.87	3.53	1.93	9.91	1.71	3.67	2.49	4.23	0.75	0.91	4.69	1.39	0.91	7.52	3.68	0.80	1.04	9.31	5.24	9.36
G232_09712	8.05	1.97	6.55	2.40	4.01	2.54	1.51	1.12	4.41	4.73	12.58	1.91	4.32	3.24	4.30	0.96	4.07	5.94	1.38	0.76	8.03	2.28	2.81	1.28	11.93	6.44	10.15
G232_09713	8.64	0.51	6.22	2.36	5.09	2.49	1.99	1.98	6.88	2.39	11.00	2.00	3.94	3.95	5.27	0.91	0.40	6.12	1.43	0.23	8.40	2.82	0.34	0.86	10.02	6.40	10.00
G232_09714	11.50	4.64	6.84	1.77	2.99	1.78	1.67	1.54	5.42	12.12	10.46	2.45	4.20	3.57	4.48	0.73	9.08	6.51	1.24	1.03	5.45	3.35	4.77	1.45	12.71	6.81	13.07
