GENE	Rstd	SM102	SM104	SM105	SM108	SM109	SM11	SM122	SM13	SM14	SM18	SM24	SM27	SM28	SM29	SM35	SM36	SM42	SM48	SM57	SM66	SM67	SM72	SM74	SM84	SM9	SM91
G232_05590	8.40	4.32	6.63	1.78	3.49	2.76	1.77	1.56	4.40	8.84	11.53	1.81	4.85	2.24	4.73	1.26	9.27	5.08	1.20	0.94	6.40	2.47	6.76	1.35	11.18	6.23	9.59
G232_05591	9.96	0.43	4.28	1.67	4.18	1.46	0.85	1.25	3.96	1.84	10.45	1.29	3.68	2.17	2.59	1.06	0.58	5.06	0.36	0.81	4.88	2.98	0.67	0.48	9.67	4.99	9.26
G232_05592	7.15	0.08	7.03	2.13	4.94	1.01	0.52	1.20	3.27	1.54	10.62	2.14	4.01	3.28	3.71	0.85	0.00	4.47	0.94	0.56	4.69	2.33	0.12	0.72	11.21	5.33	10.30
G232_05593	7.32	0.99	4.13	1.58	3.58	2.31	1.20	1.46	4.05	2.89	11.33	2.41	4.43	3.43	4.38	1.21	0.91	4.81	1.25	0.88	7.81	2.52	0.73	0.97	10.71	6.78	10.29
G232_05594	5.67	0.16	6.03	1.61	4.16	2.02	1.18	2.49	3.82	2.43	10.70	0.93	3.32	3.19	5.19	0.46	0.08	4.98	1.87	1.09	9.30	3.08	0.32	0.65	10.50	4.03	7.62
G232_05595	7.38	1.31	6.85	1.94	4.01	1.45	1.15	1.68	3.38	4.86	10.32	2.49	2.66	2.83	4.81	0.56	2.87	3.95	1.47	1.11	4.94	1.90	1.84	1.28	11.94	5.08	9.34
G232_05596	6.34	0.91	4.26	1.94	4.49	1.95	1.50	1.05	4.61	2.66	7.57	1.88	2.87	1.89	3.35	0.71	2.56	3.64	1.59	1.18	5.31	1.83	1.93	1.07	8.93	4.43	7.11
G232_05597	9.96	7.81	10.26	1.67	8.93	6.60	4.68	2.58	4.83	6.69	11.04	2.10	3.02	1.60	3.98	2.90	8.06	5.10	2.26	3.01	20.10	4.83	9.88	6.14	11.02	5.95	9.04
G232_05598	8.02	1.30	6.86	2.11	4.25	2.33	1.92	1.26	3.36	3.41	8.90	1.47	3.26	2.11	4.12	0.68	2.18	3.91	1.24	1.21	6.16	2.85	1.75	1.14	10.65	4.48	8.22
