GENE	Rstd	SM102	SM104	SM105	SM108	SM109	SM11	SM122	SM13	SM14	SM18	SM24	SM27	SM28	SM29	SM35	SM36	SM42	SM48	SM57	SM66	SM67	SM72	SM74	SM84	SM9	SM91
G232_02367	0.9009	0.7832	0.9368	1.0778	0.7967	0.7348	0.8675	1.0199	0.8155	0.9355	1.1693	0.8596	0.7856	1.0357	1.1082	0.8667	0.7549	0.7060	0.7879	0.7647	0.9458	0.6429	0.5862	0.7338	0.8383	0.9680	0.7059
G232_02368	0.8603	0.9860	0.6586	0.7821	0.9149	0.9261	0.4639	0.6026	0.8854	0.9005	1.1778	0.7368	0.8917	0.8036	1.1287	0.6000	1.1362	0.7993	0.9152	0.7143	0.7548	0.9286	1.0394	0.7194	0.9519	0.9632	0.7750
G232_02369	0.8276	1.9720	1.0685	0.7121	0.8423	1.5478	1.0602	0.9338	0.8097	2.2177	1.1048	0.9912	0.8535	0.9143	1.0556	0.8286	2.7160	0.9208	0.7818	1.1513	0.9845	0.6786	2.8374	0.8921	0.9657	1.0992	0.8273
G232_02370	0.7730	1.3846	0.8817	1.0895	0.7635	0.9043	1.1386	0.8344	0.9728	1.9167	1.5274	0.9649	0.8429	0.7000	1.6988	0.9429	2.2374	0.9225	0.9333	0.7563	0.8155	0.7240	2.1527	0.9065	0.8444	0.7744	0.8778
G232_02371	1.0109	0.0000	0.8454	1.2296	0.8361	0.9261	0.9518	0.9139	0.6796	0.2285	0.1401	0.7763	0.7537	0.8143	0.0965	1.1048	0.0078	0.6197	0.6424	0.7143	0.9845	0.8799	0.0246	0.8705	0.8955	0.9920	0.8937
G232_02372	0.7651	0.4545	0.8710	0.5058	0.9502	0.7870	0.7892	0.5960	0.8563	0.5645	1.3459	0.7939	0.8769	1.0036	1.0936	0.8381	0.3735	0.9049	0.7152	0.5798	0.8258	0.9123	0.4039	0.8273	0.9108	0.8432	0.7573
G232_02373	0.5709	0.3357	0.9637	0.8872	0.7241	0.7522	1.0723	1.2781	0.7612	0.4785	1.1425	0.7632	0.8938	0.8429	0.7251	0.3714	0.0117	0.5616	1.0121	0.5378	0.6348	0.7045	0.0640	0.7050	0.6911	0.7264	0.6696
G232_02374	0.5362	0.7972	0.8884	0.4786	0.9523	0.8217	0.6747	0.9868	0.6660	0.6129	0.4775	0.6798	0.5732	0.5321	0.4708	0.4476	0.2607	0.6725	0.6242	1.1765	0.7381	0.7987	0.5911	0.7554	0.8467	0.7312	0.6882
G232_02375	0.6333	2.9091	0.6452	0.8794	0.6286	1.2957	1.3916	0.9536	0.6369	2.6156	1.2887	0.4035	0.7813	0.7071	1.0702	0.5238	4.0389	0.8239	1.5515	0.8067	0.7071	0.7792	2.7143	1.3381	0.7101	0.8272	0.8875
