GENE	Rstd	SM102	SM104	SM105	SM108	SM109	SM11	SM122	SM13	SM14	SM18	SM24	SM27	SM28	SM29	SM35	SM36	SM42	SM48	SM57	SM66	SM67	SM72	SM74	SM84	SM9	SM91
G232_01645	0.6957	4.3077	0.6505	0.7082	0.5104	1.7652	1.3554	0.6556	1.0777	2.7876	1.3094	1.1316	0.5626	0.7893	1.4591	1.6762	5.2802	0.9771	1.0545	1.0252	0.7703	0.5065	4.8325	1.0072	0.7269	0.8016	0.8778
G232_01646	0.8959	0.2098	1.0081	0.7665	0.8299	0.4565	0.4699	0.9669	0.7709	0.4892	1.2655	0.7325	0.7091	0.6786	1.0877	1.0000	0.0817	0.7201	0.8061	0.9328	0.7006	0.8117	0.1724	0.6259	0.8848	0.5504	0.7857
G232_01647	0.8583	0.4056	0.8320	0.7471	0.7780	0.3957	0.7892	0.8146	0.7786	0.4866	1.0341	0.9737	0.8047	0.7393	1.0614	0.6095	0.1946	0.7887	1.0970	1.2269	0.7368	0.7500	0.2463	0.5540	0.9718	0.8512	0.8317
G232_01648	0.8692	0.0000	0.9852	1.0623	0.5851	0.2826	0.2470	0.6225	0.5398	0.0000	0.9890	0.9298	0.7877	0.5679	1.6725	0.6667	0.1167	0.8768	0.7030	0.5378	0.7226	1.1364	0.0000	0.1655	0.8635	0.9664	0.7981
G232_01649	0.9415	0.3077	0.9946	1.1518	1.0560	0.7565	0.8072	0.7417	0.6175	0.3333	1.2278	0.8246	0.9406	0.9143	1.0673	1.4381	0.1012	0.8292	0.5758	0.5042	0.9535	0.9870	0.5468	1.0863	0.8734	0.7216	0.8955
G232_01650	0.9316	0.0699	0.9247	0.3541	0.7012	1.2739	0.5663	1.1457	0.7903	0.8656	1.2205	0.4430	0.6454	0.9929	0.9942	0.9429	0.0000	0.6743	0.5697	0.8571	1.0735	0.6526	0.0788	1.1079	0.8444	0.6816	0.8671
G232_01651	0.9812	1.1189	0.8777	0.7276	1.1556	0.7565	0.6928	0.7483	0.7922	1.0726	1.4287	0.8070	0.7856	1.0679	1.2310	0.7714	0.8171	1.0352	1.0727	0.6387	0.8877	0.7305	0.7438	1.1871	0.7582	0.8560	0.6847
G232_01652	0.6551	0.0909	0.6022	0.8988	0.5000	0.6609	0.6084	0.8874	0.7612	0.2554	1.5859	0.9123	0.8896	1.0179	0.9444	0.8286	0.0311	0.9683	0.6727	0.9832	0.9071	0.8864	0.0493	0.6763	0.7330	0.8320	0.7236
G232_01653	0.6521	0.5035	0.8831	0.6304	0.5892	0.9913	0.7349	0.4503	0.7883	0.5484	1.6675	0.9254	0.9936	0.8893	1.5585	0.7143	0.3619	0.8574	0.6606	0.6050	1.1161	1.0909	0.3990	1.0360	0.8963	1.1312	0.9531
G232_01654	0.6591	2.3427	0.6747	0.6226	0.7220	0.6696	0.9639	0.6026	0.8602	1.7769	1.1608	0.6842	0.7962	0.9679	1.2485	1.0952	2.2412	0.8204	1.0485	1.0000	0.6697	0.8149	2.1970	0.5468	0.9314	0.8784	0.7839
G232_01655	0.9068	0.1678	0.9140	0.6109	1.0145	0.8652	0.4880	1.2318	0.6874	0.7016	1.2789	0.6711	0.6752	1.0929	1.0380	1.2476	0.0545	0.7852	0.7818	0.6723	0.9806	0.6851	0.1478	0.7914	0.8459	0.7856	0.9212
G232_01656	0.8890	5.5594	1.1075	0.3813	0.8568	1.6087	1.7651	0.6026	0.8913	4.1747	1.2521	0.5044	0.8301	0.8536	0.7924	1.7429	5.2724	0.9613	1.1030	0.9076	0.6761	0.7500	5.6207	0.1942	0.6606	0.5824	0.8778
G232_01657	0.8850	0.1119	0.9382	0.6420	0.7967	0.8217	0.8795	1.0993	0.7146	0.4032	1.2436	0.4912	0.5584	0.9893	1.2427	1.0667	0.0623	0.8838	0.6970	1.1597	0.9935	0.8377	0.2069	0.5036	0.8169	0.6144	0.8353
G232_01658	0.9703	0.1189	0.6962	0.8132	0.8817	0.6000	0.6084	0.9404	0.7049	0.2876	1.5116	0.9649	0.7665	1.1036	1.0526	0.4952	0.0078	0.9208	0.4061	0.4706	0.6916	0.9643	0.0099	0.4532	0.9252	0.8160	0.8344
G232_01659	0.7522	0.0699	0.7863	0.7004	0.7344	0.4435	0.4639	1.1192	0.7340	0.4247	1.1413	0.5044	0.6391	0.8179	0.9211	0.9810	0.0467	0.6056	0.3636	0.7899	0.6929	0.4253	0.1182	0.7626	0.8429	0.6192	0.7484
G232_01660	0.6095	0.0839	0.8172	0.7821	0.8008	0.7565	0.4759	0.7881	1.0078	0.2204	1.3569	0.6798	0.6242	0.8964	1.4591	0.7619	0.0000	0.7482	0.5939	1.3361	0.8981	0.7565	0.0197	0.4245	0.9672	0.6640	0.9761
G232_01661	0.9058	0.2517	0.5403	0.8249	0.6701	0.4739	0.7169	0.9205	0.8155	0.6022	1.5737	0.8904	0.8365	1.0643	0.9942	0.9048	0.1323	0.7060	0.4545	0.5714	0.8090	0.6688	0.2266	0.3669	0.7079	0.7456	0.6563
G232_01662	0.9058	5.2308	0.6774	0.9222	1.0187	1.1870	1.1867	0.6159	0.7922	3.0161	1.3849	0.6754	0.6900	0.7286	1.1345	0.6095	6.5136	1.0493	0.8727	0.5798	0.4735	0.8247	4.4828	0.3453	0.7864	0.7392	0.7927
G232_01663	0.8454	1.0839	0.8333	0.7082	0.7988	0.5522	0.9759	0.5828	0.7301	0.8306	1.5262	0.7939	0.8705	1.2107	1.0585	0.2667	0.6420	0.7835	0.7758	0.1765	0.4452	0.5584	0.9557	0.5180	0.8505	0.6816	0.7369
G232_01664	0.7849	1.1818	0.6935	0.4319	0.6266	0.3870	0.8494	0.7086	0.6796	1.0134	0.9671	0.7325	0.6285	0.8179	1.3246	1.0095	0.6498	0.6831	0.9455	0.4622	0.7303	0.7338	1.3547	0.6978	0.6804	0.7632	0.6723
G232_01665	0.6819	0.3427	0.7218	0.6732	0.8216	0.7739	0.7651	0.7152	0.7417	0.4785	0.9817	0.5439	0.7091	0.5714	0.8947	0.5619	0.6381	0.7148	0.5212	0.7227	0.7961	0.5357	0.4680	0.6403	0.5072	0.4192	0.8193
G232_01666	0.7602	0.4126	0.7728	0.7121	0.7842	0.8957	0.5783	0.6093	0.8155	0.4704	1.2205	0.8465	0.6115	0.8821	1.0731	0.4476	0.1712	0.6180	0.7758	0.8739	0.5819	0.7273	0.2857	0.5108	0.8482	0.5184	0.8689
G232_01667	0.7473	0.1259	1.0753	0.6809	1.0436	1.0870	0.5843	0.8874	0.8000	0.3548	1.0134	0.5219	0.7473	0.8571	0.5906	0.7238	0.0117	0.8363	1.1818	1.0840	0.8542	0.7662	0.0640	1.2518	0.8063	0.6000	0.7529
G232_01668	0.6947	2.0769	0.9113	0.6693	0.9004	0.9870	0.8072	0.9404	0.6427	1.7527	1.1754	0.6360	0.7473	0.8536	1.1667	0.4571	2.8716	0.9243	0.6909	0.8992	0.7419	0.6591	2.3941	0.7410	0.8139	0.8064	0.7945
G232_01669	0.8831	3.3287	1.1680	1.0350	0.5560	1.7348	1.2892	0.7748	0.9010	2.1532	0.9890	0.9474	0.6391	0.4429	0.2690	0.8381	3.6615	1.2165	0.8121	0.6471	0.7755	0.6981	3.1823	0.5683	1.0023	0.7488	1.0009
G232_01670	0.9237	0.4615	0.7782	0.7977	0.7676	0.5217	0.6867	1.1060	0.7262	0.8441	1.4762	0.6974	0.7707	0.8321	1.0877	0.6476	0.5642	0.7236	0.5515	0.6387	0.6361	0.8019	0.5517	0.5468	0.8932	0.6480	0.8317
G232_01671	0.9901	0.3077	0.7500	0.5603	0.6701	0.5217	0.8916	1.2119	0.8078	0.4462	1.4324	0.7632	0.6454	0.7607	1.3012	1.1238	0.0817	0.8169	0.4242	0.7815	0.8284	0.8831	0.1182	1.0791	0.9916	0.8928	0.9743
G232_01672	0.7730	0.2587	0.7446	0.8599	0.5602	0.7609	0.9880	0.6556	0.9165	0.6694	1.3861	0.8421	0.5775	0.9071	1.1813	0.8095	0.4436	0.6796	0.8788	0.7899	0.5729	0.9221	0.3300	0.5108	0.8665	0.6320	0.8742
G232_01673	0.8632	1.1259	0.5054	0.8444	0.8195	0.4652	0.8494	1.5166	0.8951	1.3737	1.4312	0.9035	0.7113	1.0071	1.1637	0.9238	1.0389	1.1778	1.0667	0.7395	0.7148	0.9448	1.0690	0.6547	0.7597	0.6848	0.8379
G232_01674	0.8959	0.5385	0.9194	0.8911	0.7427	0.5652	0.8373	0.6821	1.0680	0.9301	1.4860	0.7588	0.7176	0.7607	1.3684	0.6000	1.0389	0.7870	0.5394	0.7479	0.7006	0.8084	1.0246	0.4820	0.8535	0.4912	0.8565
G232_01675	0.8969	0.7552	0.8548	0.9339	0.9046	1.1739	1.0181	0.7351	1.2019	1.5081	1.6955	0.5482	0.9384	1.2571	1.6871	1.2381	1.4358	1.3979	1.2242	1.4706	0.8284	0.6136	1.0394	0.7986	0.9481	0.9584	1.0151
G232_01676	0.9465	0.3776	0.8212	0.8716	0.8154	0.8696	0.5241	0.8411	0.7942	0.4758	1.1717	0.7632	0.8025	1.0107	1.2281	0.5905	0.3346	0.8398	0.8242	0.9496	0.6697	0.8409	0.3596	0.5899	0.9108	0.7184	0.8379
G232_01677	0.9841	0.1958	0.7406	0.9144	0.8776	0.5522	0.5301	0.7020	0.8583	0.7016	1.2960	0.7018	0.7240	1.0393	1.2632	0.5810	0.0778	0.8204	0.5939	0.8739	0.8955	0.8312	0.0788	1.1871	0.9207	0.9280	0.8733
G232_01678	0.6630	0.1119	0.8172	0.6576	0.6888	0.3304	0.8012	0.8079	0.7922	0.3145	1.2923	0.6754	0.6348	0.6643	1.3187	0.5143	0.1245	0.7324	0.8727	0.6218	0.5884	0.9545	0.0837	0.4101	0.8795	1.0512	0.7405
G232_01679	0.4817	0.5105	0.8495	0.5175	0.8071	0.8130	0.5602	1.4570	0.3864	0.6129	0.9939	0.9518	0.5817	0.5036	0.4503	0.8476	0.5253	0.5898	0.8303	0.5966	0.7445	1.3117	0.7931	0.6978	0.6484	0.7712	0.5837
G232_01680	0.9207	0.0000	1.0565	0.5992	1.1058	0.9348	0.6687	1.0000	1.0272	0.7285	0.0000	0.4561	0.3227	0.7036	0.0000	0.2762	0.1595	0.5563	0.3091	0.9748	0.7561	0.2565	0.0000	0.4964	0.7124	0.7184	0.8849
G232_01681	0.8176	0.6014	0.8629	0.5759	0.7220	0.6217	0.4940	0.7815	0.7068	0.5188	1.3983	0.7500	0.6412	0.8500	0.9620	0.4667	0.4825	0.7042	0.5758	0.6050	0.7768	0.8084	0.4828	0.9856	0.8391	0.7328	0.7112
G232_01682	1.0020	0.0629	0.8602	0.9416	0.8237	0.6652	0.6867	0.7020	0.8019	0.5349	1.3983	1.0702	0.9278	1.0071	0.8363	0.6095	0.0000	0.9947	0.8182	0.4454	0.9252	0.5909	0.0246	0.8345	0.8520	1.0912	0.8733
G232_01683	0.7393	0.3636	0.8024	0.7198	0.7220	0.5739	0.8795	1.0199	0.6252	0.8172	1.0646	0.6316	0.6688	0.9286	0.9708	0.4095	0.3735	0.4489	1.3152	0.8403	0.5974	0.9675	0.6305	0.6259	0.8421	0.7216	0.8246
G232_01684	0.8801	0.0490	0.5833	0.7821	0.9191	0.6261	0.4699	0.7351	0.8330	0.4140	1.4312	1.0570	0.5541	0.9071	0.9357	1.2286	0.0000	0.7887	0.9636	0.5462	0.7406	0.5390	0.0148	0.5324	0.8726	0.8816	1.0310
