GENE	Rstd	SM102	SM104	SM105	SM108	SM109	SM11	SM122	SM13	SM14	SM18	SM24	SM27	SM28	SM29	SM35	SM36	SM42	SM48	SM57	SM66	SM67	SM72	SM74	SM84	SM9	SM91
G232_08330	10.10	0.00	3.77	0.02	2.13	0.90	0.35	1.22	1.76	0.29	0.00	1.38	0.18	0.37	0.00	0.00	0.00	1.28	0.04	0.80	3.29	0.11	0.00	0.03	0.45	0.13	4.64
G232_08331	9.44	0.00	7.73	2.34	2.79	1.64	0.59	3.99	9.00	0.69	0.68	3.09	3.00	2.63	6.32	0.48	0.00	4.32	2.43	1.27	8.64	3.12	0.00	1.04	17.33	6.03	8.23
G232_08332	8.64	2.44	5.50	2.22	3.92	2.10	0.86	1.30	4.78	4.13	10.76	2.25	3.88	3.08	4.12	0.70	4.47	5.84	1.58	0.96	4.42	2.38	5.03	1.27	13.38	5.11	10.00
G232_08333	6.45	0.15	6.43	2.14	3.79	1.30	2.00	1.34	3.72	1.30	14.02	2.57	2.48	1.67	1.84	0.27	0.07	4.45	0.71	1.32	5.46	1.66	0.48	1.23	7.92	5.25	8.90
G232_08334	10.25	0.14	6.37	1.42	3.30	1.94	1.43	1.62	4.36	1.99	10.75	1.50	3.35	1.76	3.33	1.20	0.00	4.96	1.64	0.64	5.95	2.51	0.12	1.24	11.43	5.06	10.80
G232_08335	8.27	0.50	6.21	1.84	3.44	2.97	1.03	1.52	3.96	1.90	11.67	1.72	2.74	1.94	3.34	0.46	0.15	4.94	0.95	0.96	8.47	2.88	0.15	0.52	13.77	4.01	9.21
G232_08336	8.14	0.00	9.77	2.11	4.56	1.77	0.51	2.21	3.53	0.66	11.39	1.16	3.87	2.75	2.97	0.25	0.00	4.48	1.01	0.96	11.19	2.29	0.00	1.82	11.98	3.69	9.14
G232_08337	9.58	5.70	7.18	1.77	4.14	2.07	2.44	1.65	4.19	9.52	10.00	2.06	3.19	2.68	4.02	1.17	11.62	4.37	2.00	0.43	6.51	2.70	7.12	0.92	10.61	4.68	9.41
G232_08338	10.30	0.79	5.61	1.21	3.50	1.64	1.75	1.52	4.58	3.12	13.72	3.68	5.16	2.20	3.29	0.61	0.99	3.65	0.73	0.91	6.42	3.02	1.19	0.51	11.40	5.61	9.75
G232_08339	8.51	1.98	4.55	2.44	3.47	2.32	1.39	0.66	3.17	3.81	9.61	1.25	3.06	3.00	3.67	0.57	4.71	6.75	1.77	0.86	6.01	4.47	3.65	0.97	12.86	4.56	10.33
G232_08340	9.50	0.00	6.06	1.86	3.37	1.52	0.67	0.69	2.97	2.20	10.53	1.82	4.34	2.82	4.31	0.67	0.04	4.71	0.96	0.54	4.63	2.27	0.00	1.08	10.46	3.46	10.59
G232_08341	10.32	1.67	7.91	2.16	3.06	1.17	1.38	1.45	4.19	4.39	9.27	1.47	2.90	1.10	4.19	1.03	3.35	3.47	2.02	1.06	6.90	2.51	3.67	1.12	8.21	4.78	7.57
G232_08342	9.77	0.13	5.32	1.66	3.27	1.25	1.03	1.04	5.21	1.44	15.28	1.66	6.69	2.13	5.12	2.01	0.07	4.81	1.18	0.78	5.89	2.95	0.13	1.70	13.32	7.61	11.39
G232_08343	7.39	2.17	7.67	2.04	3.82	1.62	1.66	2.66	3.36	5.44	10.51	1.24	2.79	2.12	4.25	0.67	4.10	4.52	1.20	0.75	6.79	3.58	2.93	1.23	10.84	3.78	8.31
G232_08344	8.08	2.87	5.39	2.04	4.49	2.32	2.19	1.38	4.70	8.20	9.30	1.90	4.09	2.19	4.27	0.51	6.17	4.05	1.48	1.78	6.30	2.29	4.81	0.49	9.60	5.80	7.53
G232_08345	5.46	0.28	5.25	1.90	4.65	2.39	1.27	0.99	3.89	2.39	9.09	1.87	3.28	2.90	2.93	0.80	0.21	5.13	0.91	0.55	6.47	2.56	0.47	1.19	9.41	3.80	8.49
G232_08346	11.77	4.12	6.30	2.81	3.41	2.19	2.74	0.69	3.19	8.66	11.96	3.09	2.04	2.25	3.85	0.33	8.41	5.05	1.70	1.39	6.70	2.96	6.33	1.77	10.08	5.81	8.05
G232_08347	8.28	0.00	6.23	1.84	3.18	1.30	0.16	1.68	3.78	2.25	10.16	1.24	2.94	2.45	3.30	0.51	0.21	5.73	2.57	1.19	3.48	2.42	0.15	0.56	11.91	6.29	12.31
G232_08348	9.38	1.01	4.85	2.69	2.37	1.56	1.34	1.53	4.42	1.28	7.74	1.71	2.37	2.35	4.19	0.98	0.46	5.63	1.19	0.86	8.02	2.03	0.78	0.99	10.35	6.51	10.26
G232_08349	7.47	0.36	7.74	2.30	3.48	2.04	0.71	0.75	2.68	0.84	14.99	2.51	3.86	1.17	4.96	1.01	0.35	6.22	1.30	1.98	6.40	2.07	0.00	1.09	16.23	3.60	10.98
G232_08350	8.65	0.07	6.77	2.05	4.21	1.92	1.44	1.14	3.95	2.44	9.88	2.18	3.04	2.24	3.45	0.83	0.45	3.76	1.25	1.77	8.19	2.16	0.22	1.35	11.49	5.00	8.75
G232_08351	8.10	1.15	5.34	1.38	4.17	1.09	1.68	2.17	8.33	2.61	13.43	2.05	4.48	4.17	5.00	0.71	0.75	5.14	0.94	0.20	8.24	1.90	0.36	1.22	13.29	5.27	10.39
G232_08352	9.55	1.31	5.56	1.91	3.53	1.75	1.34	1.11	4.84	4.33	10.67	1.73	3.48	2.52	4.01	0.91	2.35	4.74	1.53	0.68	5.94	2.53	2.23	0.81	11.09	5.18	9.91
G232_08353	8.87	2.01	6.79	2.29	4.49	2.66	1.49	1.36	4.92	4.95	11.48	2.15	4.06	2.87	4.43	0.99	4.35	6.06	1.83	0.98	7.16	2.55	3.25	1.07	12.27	6.12	10.17
G232_08354	10.17	0.08	6.44	2.07	3.66	1.44	0.46	1.84	3.65	2.32	9.12	1.35	3.75	2.59	2.21	0.73	0.16	4.34	1.12	0.74	5.76	2.78	0.22	1.25	11.41	4.29	8.95
G232_08355	9.66	5.37	6.43	2.18	3.98	2.66	1.91	1.54	4.60	10.41	11.69	1.85	4.26	1.86	3.83	1.03	14.02	5.94	1.22	1.02	6.07	2.72	7.61	0.89	10.40	4.46	10.94
G232_08356	11.84	1.54	7.39	2.03	3.51	1.93	1.22	1.17	3.97	3.67	10.18	1.57	3.90	2.89	3.96	0.76	3.03	5.18	1.69	0.68	5.41	2.35	2.16	0.71	12.03	5.60	9.46
G232_08357	7.31	0.11	5.32	2.36	3.47	0.58	0.79	1.59	3.87	3.46	7.97	1.25	2.71	1.93	2.61	0.68	0.15	4.45	1.00	0.41	6.38	1.92	0.06	0.83	8.09	4.27	10.42
G232_08358	9.24	0.10	5.38	1.69	5.23	0.90	0.98	0.89	3.98	0.94	0.81	1.43	3.81	1.99	0.42	0.72	0.10	4.99	1.84	1.15	4.83	2.19	0.14	0.69	13.78	3.01	10.26
G232_08359	8.87	0.70	6.83	2.25	3.45	2.41	1.29	1.43	4.26	2.51	9.59	1.90	3.84	2.56	3.68	0.56	1.31	4.77	1.37	1.54	7.29	2.39	1.10	1.27	11.79	5.34	10.85
G232_08360	10.11	3.35	6.43	2.08	3.38	1.75	1.19	1.54	4.19	6.99	11.58	1.99	3.63	2.17	4.27	0.94	8.37	4.74	1.29	0.72	4.78	2.87	4.82	0.46	12.03	5.17	10.07
G232_08361	8.94	1.59	7.25	1.90	3.51	1.76	0.89	1.12	5.50	4.43	11.98	2.00	4.04	3.46	5.05	0.99	3.03	5.27	1.79	1.08	7.39	2.69	1.96	1.12	12.04	5.08	10.61
G232_08362	9.41	1.55	7.07	1.55	3.55	2.35	1.69	1.61	4.46	5.29	11.00	2.16	4.15	2.29	4.05	1.39	4.29	4.51	1.68	0.89	6.85	2.86	2.57	0.98	11.53	6.07	10.49
G232_08363	7.01	0.23	6.97	1.58	4.65	1.04	0.68	0.79	3.05	0.73	3.44	2.05	3.05	1.98	4.55	0.76	0.12	4.63	2.31	0.79	7.11	3.23	0.56	0.80	12.71	6.90	11.28
G232_08364	5.78	0.91	3.67	1.87	3.60	1.46	1.43	0.35	5.71	1.15	16.70	2.33	4.99	4.10	1.88	1.11	0.77	7.93	1.14	0.97	5.32	1.36	0.30	1.58	9.81	6.75	12.61
G232_08365	8.42	1.61	6.34	1.71	4.49	1.93	2.22	0.95	4.54	3.30	9.86	2.07	2.95	2.96	3.23	0.44	3.99	4.04	1.87	0.54	5.95	2.18	3.55	1.01	11.93	3.46	10.55
G232_08366	8.78	0.07	5.41	1.64	3.38	1.31	1.07	1.22	3.76	2.34	11.90	1.32	3.55	2.20	3.70	0.80	0.07	4.67	1.15	0.79	5.03	2.88	0.27	1.00	11.05	5.38	8.70
G232_08367	9.44	0.42	6.22	2.00	3.65	1.57	1.38	2.27	5.44	2.94	11.95	2.46	4.69	4.09	4.87	0.62	0.32	6.45	1.15	1.39	6.68	3.16	0.24	1.53	11.38	6.29	11.12
G232_08368	9.64	0.31	6.34	3.03	4.09	2.07	1.81	1.81	5.04	1.39	9.09	2.23	2.88	2.10	3.90	0.44	0.69	4.48	1.30	0.95	7.82	3.00	0.80	0.80	11.84	5.73	9.90
G232_08369	11.59	0.71	7.30	3.58	4.73	1.79	1.41	1.82	4.60	1.64	9.23	2.00	3.93	2.82	2.68	0.72	0.76	4.22	1.21	0.60	4.74	2.43	0.20	3.26	10.62	4.03	9.10
G232_08370	10.87	0.16	5.29	2.24	3.58	2.20	1.03	1.45	4.12	2.27	10.30	2.09	2.85	1.81	3.13	0.99	0.78	4.82	1.25	0.70	6.95	2.15	0.53	1.61	11.29	5.21	9.42
