GENE	Rstd	SM102	SM104	SM105	SM108	SM109	SM11	SM122	SM13	SM14	SM18	SM24	SM27	SM28	SM29	SM35	SM36	SM42	SM48	SM57	SM66	SM67	SM72	SM74	SM84	SM9	SM91
G232_02376	8.00	0.92	5.94	1.66	4.39	2.17	1.35	2.01	4.20	3.83	8.27	1.63	3.55	2.47	3.15	0.82	3.05	4.61	1.01	1.08	7.71	2.47	1.89	0.84	9.67	3.00	8.74
G232_02377	6.07	1.17	4.70	1.82	3.55	1.42	1.48	1.00	3.08	3.13	9.50	1.77	5.00	2.53	4.76	1.06	2.97	5.20	1.57	0.84	5.39	2.07	1.81	0.84	11.63	5.04	8.72
G232_02378	7.71	1.89	5.71	1.81	4.19	2.10	1.71	1.31	4.00	4.38	8.27	1.50	3.44	2.52	3.21	0.94	4.01	3.59	1.08	1.00	5.50	1.99	3.43	1.04	10.52	4.12	8.76
G232_02379	7.11	1.41	7.94	2.02	3.84	2.83	1.79	1.67	3.80	6.04	10.44	1.95	4.14	2.19	4.51	0.36	2.73	5.34	0.73	1.54	7.37	1.61	2.88	0.97	13.86	6.09	10.16
G232_02380	8.92	5.93	5.88	1.81	4.96	2.78	1.99	2.25	3.53	12.09	11.86	1.09	4.41	2.92	4.86	0.30	12.75	5.94	1.76	0.50	4.70	2.03	8.80	0.64	11.79	3.73	11.05
G232_02381	5.20	1.03	4.89	1.35	5.04	1.94	1.65	1.19	3.92	3.25	9.84	1.77	3.09	2.27	2.87	0.99	3.25	3.86	1.67	1.23	6.27	2.84	2.76	1.25	8.66	4.54	7.34
G232_02382	9.17	6.87	6.36	1.32	4.88	3.18	2.80	1.66	4.10	11.53	10.53	1.82	4.71	2.79	4.09	0.89	13.14	5.89	2.30	0.87	6.87	2.36	10.83	0.93	7.96	4.94	10.55
G232_02383	6.59	5.27	5.32	1.38	2.69	3.02	1.37	0.75	3.76	10.96	7.91	0.86	2.78	1.75	3.55	1.57	10.68	6.31	2.43	1.41	6.59	2.16	7.90	0.83	13.15	4.67	10.08
G232_02384	8.17	3.07	4.74	1.44	3.79	2.52	1.58	1.42	4.90	6.29	10.75	2.10	3.48	1.74	4.76	0.62	5.78	5.43	1.83	0.92	5.30	2.21	5.70	1.47	10.49	4.86	10.72
