GENE	Rstd	SM102	SM104	SM105	SM108	SM109	SM11	SM122	SM13	SM14	SM18	SM24	SM27	SM28	SM29	SM35	SM36	SM42	SM48	SM57	SM66	SM67	SM72	SM74	SM84	SM9	SM91
G232_02831	10.77	0.14	7.51	1.75	3.42	0.87	0.86	2.40	3.22	0.94	2.40	1.15	3.84	1.40	0.51	0.89	0.17	3.25	0.74	0.87	5.44	3.18	0.28	0.57	9.46	4.06	9.28
G232_02832	7.86	1.57	4.84	2.17	2.49	1.53	0.96	1.05	4.40	4.94	10.93	2.23	3.73	2.26	4.51	1.46	2.69	5.08	1.09	0.68	5.15	2.26	2.17	0.58	12.54	4.03	7.54
G232_02833	9.44	0.49	5.49	1.73	2.64	1.42	0.91	1.49	3.82	1.92	10.02	1.69	4.40	3.37	3.95	1.27	1.59	3.25	1.42	1.16	5.67	1.82	0.84	1.03	10.57	4.40	10.28
G232_02834	10.12	2.17	5.69	1.73	3.64	1.65	1.22	1.66	3.78	5.29	8.80	1.70	3.12	2.66	3.48	0.93	5.62	5.47	1.55	0.81	6.17	3.51	2.68	1.08	12.20	5.66	10.82
G232_02835	6.95	1.53	8.67	1.36	5.54	2.39	1.58	1.33	5.14	6.36	13.43	2.67	5.95	3.45	3.52	0.71	5.44	5.05	1.66	1.64	7.09	2.48	2.60	1.98	10.93	6.07	11.72
G232_02836	10.14	0.04	7.50	2.18	5.32	2.00	0.87	1.32	4.72	2.24	10.14	1.25	4.09	2.07	5.51	0.83	0.15	4.46	1.55	1.32	6.00	3.23	0.12	0.65	11.15	4.65	10.96
G232_02837	6.51	0.13	5.41	1.56	4.04	1.51	0.87	1.01	4.08	2.04	10.41	1.35	2.71	2.52	2.91	0.00	0.20	4.56	1.71	0.95	5.15	2.05	0.10	0.39	11.07	2.81	11.08
G232_02838	6.77	0.17	7.14	1.44	4.77	1.57	1.12	0.16	3.24	3.28	8.90	1.32	2.12	2.58	2.93	0.01	0.07	4.64	1.40	1.41	6.61	1.24	0.58	1.32	8.90	1.87	7.43
G232_02839	5.19	1.44	4.56	1.45	2.82	1.91	1.09	1.79	4.23	4.42	14.06	2.00	4.66	3.75	4.50	0.39	3.11	5.20	1.06	0.74	7.09	2.03	0.98	0.46	15.71	5.25	10.58
G232_02840	5.40	0.65	5.45	2.04	4.06	0.60	0.90	0.68	3.80	2.43	7.96	2.02	3.13	2.29	4.13	0.26	0.56	4.99	1.50	0.58	7.36	2.41	0.81	1.04	10.02	5.19	8.72
G232_02841	10.77	0.16	6.23	2.33	3.63	1.26	0.71	1.61	4.05	3.64	9.16	1.04	3.72	2.50	3.46	0.55	0.00	4.58	0.86	0.68	5.34	1.90	0.38	1.18	13.14	5.24	11.41
G232_02842	10.85	0.66	6.52	2.14	3.51	1.02	1.34	2.06	2.61	1.56	10.84	2.33	4.33	2.39	4.06	0.64	0.28	4.70	1.24	0.57	6.50	2.31	0.19	1.51	10.99	4.00	9.42
G232_02843	5.76	0.92	6.48	0.80	2.70	1.99	0.59	2.38	3.07	2.87	8.94	0.77	1.59	1.92	3.34	0.23	0.81	2.78	1.40	1.62	5.92	2.24	1.81	1.24	9.45	3.78	6.07
G232_02844	7.96	2.09	6.76	1.86	4.11	1.01	0.89	1.18	3.33	4.00	10.53	1.98	4.07	2.20	4.65	1.05	3.36	5.45	1.85	1.30	5.31	1.69	2.22	0.81	12.81	4.94	11.60
G232_02845	7.43	0.32	6.50	2.06	3.60	1.83	0.89	1.80	4.36	2.44	9.41	2.31	4.28	1.93	3.64	1.06	0.00	3.79	1.21	0.96	5.45	2.60	0.46	0.39	13.33	4.00	8.84
G232_02846	9.62	0.96	7.30	2.23	4.07	2.26	0.94	2.00	4.47	2.89	10.74	1.79	4.16	2.42	4.22	1.12	1.14	4.92	1.54	0.86	7.05	2.40	0.99	1.32	11.64	5.80	9.53
G232_02847	9.05	0.70	5.00	1.64	4.67	2.00	1.16	1.33	3.31	1.86	9.04	2.12	3.97	2.53	3.10	0.48	1.79	4.15	1.60	1.02	5.59	3.18	1.49	1.55	13.09	6.04	8.64
G232_02848	5.63	2.86	5.68	2.63	4.03	3.98	2.01	1.18	2.36	6.13	10.69	2.05	3.68	2.87	4.96	1.19	6.84	4.93	1.47	1.42	6.33	2.05	7.25	1.87	11.69	3.76	9.38
G232_02849	5.33	3.60	4.10	2.43	3.72	2.76	3.01	0.53	5.12	8.90	11.69	2.82	3.10	3.46	4.23	1.03	8.27	6.56	2.83	0.24	6.95	2.52	3.29	0.76	12.42	8.81	10.39
G232_02850	6.23	0.01	6.26	1.05	4.23	0.94	1.43	0.55	5.09	3.06	10.80	2.67	3.67	2.05	2.89	0.60	0.00	6.44	2.45	0.72	6.20	1.38	0.03	1.47	9.37	7.81	13.80
G232_02851	7.28	1.88	6.32	2.20	4.58	1.68	1.47	1.08	4.14	5.36	9.46	2.01	3.62	2.39	2.18	0.73	4.88	4.39	1.04	1.01	7.24	2.66	3.45	0.96	9.47	5.43	9.05
G232_02852	9.60	2.23	5.85	1.39	3.83	2.46	2.02	0.65	4.96	5.53	12.38	1.20	3.63	3.49	5.07	0.88	5.32	5.20	1.61	0.84	6.47	2.49	4.28	1.61	9.31	6.83	11.54
G232_02853	9.87	2.35	7.46	2.94	3.05	2.61	1.29	1.38	3.77	5.20	9.89	1.53	4.03	3.33	4.73	0.57	5.37	4.36	0.59	0.82	7.08	3.39	4.84	0.88	10.09	6.21	9.33
G232_02854	6.42	0.00	6.09	2.25	3.30	1.16	1.67	1.27	3.25	1.15	10.49	1.59	3.99	1.92	4.57	0.78	0.43	4.18	0.91	0.50	4.94	2.96	0.15	0.45	13.70	3.15	8.59
G232_02855	9.34	0.53	6.72	2.00	4.53	1.20	0.94	1.23	3.49	1.55	9.00	1.56	3.25	1.70	1.31	1.12	0.14	4.66	1.38	0.83	6.68	2.51	0.41	0.97	9.98	4.62	9.02
G232_02856	9.11	1.00	6.62	2.71	4.14	1.59	0.83	1.04	4.20	2.91	11.10	1.32	2.92	2.59	3.99	0.93	2.07	4.60	1.23	1.03	6.05	2.03	1.21	0.32	10.93	4.47	9.96
G232_02857	8.48	0.15	7.92	2.41	4.06	2.01	1.60	1.08	3.71	2.48	10.91	1.43	3.18	2.18	3.58	1.37	0.53	4.55	1.24	0.95	8.88	2.06	0.62	1.19	10.74	5.84	8.60
G232_02858	9.45	0.15	8.35	1.98	4.21	1.73	1.23	1.87	3.68	1.17	10.90	2.01	4.09	2.12	4.94	0.59	0.03	5.49	1.23	0.82	6.78	2.48	0.09	1.23	9.79	5.74	11.73
G232_02859	8.44	1.88	6.31	1.82	3.97	2.59	1.32	1.26	4.51	4.29	9.90	1.76	3.66	2.36	3.96	0.87	2.64	5.61	1.13	0.88	6.11	2.46	2.24	1.18	10.26	4.72	12.06
G232_02860	6.01	0.05	6.89	3.11	3.95	1.97	0.98	1.49	2.96	3.54	11.82	2.29	3.98	1.78	4.06	1.01	0.00	4.15	0.68	0.19	8.90	4.08	0.29	1.39	14.28	4.77	9.22
G232_02861	10.78	0.00	6.41	2.15	3.66	0.99	1.12	2.14	4.49	2.69	9.57	1.72	2.40	2.66	2.85	0.68	1.19	3.97	2.00	1.14	6.82	2.50	0.60	1.78	12.16	4.89	11.39
G232_02862	2.95	0.00	2.76	1.55	1.48	0.38	0.47	0.94	2.87	0.80	7.69	1.32	2.22	1.62	2.02	0.25	0.00	2.34	0.81	0.49	2.79	1.45	0.00	0.16	8.78	3.64	5.33
G232_02863	10.19	2.38	6.80	1.19	4.01	3.78	1.67	1.45	3.24	6.19	11.45	1.48	3.80	2.80	3.76	1.16	3.74	5.62	1.55	0.80	7.79	2.34	3.02	1.29	12.24	5.64	9.01
G232_02864	4.25	0.48	2.89	1.94	6.32	1.57	1.33	0.80	3.14	4.98	10.36	2.50	4.82	3.69	3.84	1.24	2.58	5.29	0.00	0.48	3.74	2.94	2.14	3.08	7.87	7.56	15.05
