GENE	Rstd	SM102	SM104	SM105	SM108	SM109	SM11	SM122	SM13	SM14	SM18	SM24	SM27	SM28	SM29	SM35	SM36	SM42	SM48	SM57	SM66	SM67	SM72	SM74	SM84	SM9	SM91
G232_04889	8.92	2.95	6.19	3.28	4.09	2.03	1.24	0.98	3.36	6.39	12.13	1.97	3.98	2.69	3.61	0.81	3.26	4.87	1.54	0.74	5.64	2.68	2.58	0.96	12.97	3.63	8.37
G232_04890	8.49	2.79	6.38	2.11	3.58	2.55	1.36	1.08	4.43	6.16	10.68	2.21	3.39	2.96	3.86	0.97	8.19	4.69	1.75	1.11	4.86	2.63	4.56	0.83	10.74	5.44	10.44
G232_04891	7.62	0.86	6.45	1.52	3.65	2.56	1.70	1.25	4.65	2.69	10.58	2.11	4.43	3.12	4.79	0.87	1.71	6.08	1.39	0.93	5.66	2.68	1.69	0.80	10.35	5.88	11.35
G232_04892	6.97	2.04	3.84	1.84	3.76	0.71	1.42	0.89	4.07	2.50	9.71	2.65	4.29	3.67	4.21	1.23	2.22	5.70	1.72	1.27	5.00	3.05	1.87	0.89	10.44	5.31	9.23
G232_04893	9.42	9.16	6.44	1.86	4.31	3.35	2.33	1.49	4.98	15.71	12.53	1.59	4.31	3.58	4.83	0.80	23.69	6.46	1.96	1.35	6.83	3.20	15.47	1.39	12.15	5.73	10.25
G232_04894	9.28	0.82	4.77	2.48	5.76	2.37	2.31	0.78	2.88	4.45	9.52	1.05	4.15	2.83	4.57	1.74	1.29	6.21	1.04	1.84	6.17	2.04	1.34	1.23	15.93	6.77	9.29
G232_04895	10.68	4.95	4.98	1.81	3.38	2.69	1.48	1.42	2.58	9.60	12.98	1.19	3.57	2.03	4.78	2.14	8.74	6.04	1.70	1.34	8.62	2.20	5.99	1.51	10.10	5.27	10.18
G232_04896	7.75	6.70	6.03	1.83	4.00	1.95	2.01	0.98	2.96	11.80	11.22	1.39	3.51	2.03	3.76	0.75	13.64	5.71	1.30	0.93	4.14	2.67	9.23	0.70	11.18	3.68	9.28
G232_04897	8.97	0.48	2.84	2.43	1.51	0.36	0.19	0.00	4.99	1.06	2.93	1.19	5.55	2.99	4.44	0.00	0.00	8.54	1.03	1.26	2.56	2.83	0.00	0.69	14.90	4.72	15.65
