GENE	Rstd	SM102	SM104	SM105	SM108	SM109	SM11	SM122	SM13	SM14	SM18	SM24	SM27	SM28	SM29	SM35	SM36	SM42	SM48	SM57	SM66	SM67	SM72	SM74	SM84	SM9	SM91
G232_02652	0.8771	0.1748	0.8548	0.5019	0.7303	0.8348	0.9036	1.3444	0.8058	0.3065	0.0000	0.7325	0.6072	0.7036	0.0848	1.0571	0.5253	0.8662	1.2000	0.8824	0.8194	0.8474	0.5813	0.5971	1.0877	0.5808	0.9070
G232_02653	1.0119	0.5385	0.9382	0.8716	1.0747	1.3913	0.6988	1.4437	0.9087	0.7876	1.2387	0.7105	0.8641	1.1071	1.3626	1.0476	0.7743	0.8944	0.9758	0.6218	0.8697	0.6234	0.6502	0.8993	0.7712	0.9312	0.8051
G232_02654	0.8196	1.0909	0.9476	0.8444	0.8963	1.0087	0.7831	1.1258	0.8505	1.2392	1.3581	0.8070	0.8004	1.0321	1.1520	1.2476	1.4047	0.7993	0.8303	0.8655	0.8800	0.9870	1.5468	0.7626	0.8680	0.9568	0.7564
G232_02655	0.8474	0.2098	0.9126	1.0934	0.8071	0.8043	0.5000	0.8742	0.7767	0.4758	1.4190	1.0044	0.8217	1.2321	1.2690	1.0952	0.0739	0.7465	0.8485	0.8151	0.8877	0.9058	0.0788	0.6043	0.9542	0.9360	0.9274
G232_02656	0.8622	0.7413	0.7621	0.8794	0.6141	0.9000	1.0181	0.5232	0.8971	0.9839	1.3045	0.8509	0.9384	1.0357	1.2310	0.2762	1.3035	1.0493	0.9333	0.6891	0.7910	0.8279	0.6453	0.6187	0.8940	0.7824	0.7910
G232_02657	1.1447	1.6853	0.8831	0.6576	0.8112	1.0783	0.8614	0.4238	0.8854	1.3145	1.2814	0.6404	0.8514	0.9643	1.2895	1.2476	2.2724	0.9665	1.5394	1.1345	0.6219	1.0097	1.8325	0.7986	0.8650	0.8176	0.9681
G232_02658	0.7374	2.7762	0.7782	0.7354	0.8216	0.9478	1.2711	0.8742	0.7146	3.7124	1.7393	1.0570	0.7749	0.8643	0.9532	0.8667	4.4280	1.0616	0.8970	0.4118	0.5806	0.8734	3.3153	0.7122	0.9474	0.8496	0.9495
G232_02659	0.8216	2.0909	0.8629	0.8327	0.8506	1.0043	0.8675	0.8013	0.7049	1.8145	1.3471	0.8114	0.8832	0.8500	1.2456	0.8952	2.5720	0.8504	1.2121	0.7395	0.6142	1.0519	2.4187	0.8273	0.8429	0.8096	0.8512
G232_02660	0.6472	0.4755	0.7930	0.8482	0.5207	0.8435	0.5783	0.7417	0.8311	0.5027	1.2485	0.6842	1.0955	1.1357	1.1959	0.8286	0.3113	1.1444	0.9152	0.5378	0.7871	1.0390	0.3498	0.6547	0.7086	0.9248	0.8397
G232_02661	0.7721	0.5594	0.8817	0.6887	0.7324	1.0565	0.7289	0.9338	0.8175	1.6290	1.2899	0.5044	0.7452	1.0286	1.1082	0.8476	2.2879	0.7500	1.0061	0.4622	0.6968	0.7760	1.9212	0.6331	0.7872	0.8576	0.8397
G232_02662	0.8444	0.7273	1.0094	0.7160	0.8714	1.4652	1.0000	1.0066	0.6583	0.5699	1.3155	0.6053	0.7495	0.7107	0.9620	0.6000	0.3619	0.7482	0.4545	0.7563	0.9006	1.0227	0.2906	0.5899	0.7857	0.9680	0.6546
G232_02663	0.8266	0.7483	0.7554	0.7471	0.7759	0.4696	0.5783	0.8344	0.6485	1.0941	1.2107	0.8158	0.7282	0.9964	1.0965	0.5333	0.8132	0.7394	0.8545	0.2773	0.6877	1.0032	0.7635	0.5252	0.9436	0.7088	0.9061
G232_02664	0.7364	0.2308	0.7366	0.8560	0.7137	1.0261	0.8795	0.9934	0.8272	0.8280	1.0536	0.5702	0.6433	1.3036	0.9269	1.2667	0.0584	0.9384	0.9818	0.0168	0.9058	1.1591	0.2315	1.0432	0.8131	0.8144	0.6953
G232_02665	0.6898	0.2937	0.8723	0.3619	0.7407	0.9391	0.8976	0.5629	0.5922	0.5538	1.1145	0.7807	0.4798	0.6179	1.1316	1.2857	0.3619	0.8539	1.0545	0.2437	0.8568	0.7305	0.5123	0.6403	0.6056	0.6880	0.7733
G232_02666	1.0496	0.2797	0.9395	0.8054	1.0539	0.4783	0.7771	0.7947	0.8058	0.6290	1.4093	0.9430	0.8323	0.6964	1.2076	0.7048	0.3152	0.6743	0.9152	0.7311	0.6994	0.6688	0.2217	0.7986	0.9603	0.7264	0.8565
G232_02667	1.5094	0.5035	0.9583	0.6304	1.0851	1.1348	0.3434	1.4305	0.7398	0.7688	1.3289	0.7588	1.1274	0.3071	1.0556	0.8000	0.2918	0.5264	0.8485	0.6723	0.8594	0.8506	0.2315	1.4964	0.7849	1.0752	0.6156
G232_02668	0.8503	0.8252	0.5981	1.1829	0.8112	0.5391	0.7289	0.8477	0.5981	0.4140	1.2058	0.9956	0.8132	0.6750	0.4883	0.8190	0.8872	0.7852	0.4727	0.1681	0.7329	0.5000	0.9852	0.9209	0.7437	0.5376	0.9274
G232_02669	0.6085	3.9790	0.8226	1.3268	0.9025	1.5130	1.0241	0.7947	0.8388	3.1129	1.6797	1.4605	0.8450	0.7964	0.4298	0.8952	4.0778	0.9877	1.1333	0.6555	0.6852	0.6721	4.1823	0.3957	0.8673	0.8544	0.8361
G232_02670	0.9237	1.5105	0.8320	0.6381	0.9772	0.7087	0.8072	1.0132	0.5903	1.1989	1.2205	0.7719	0.7877	0.7750	1.1608	1.1619	1.5486	0.5880	1.1879	0.5378	0.9316	0.9643	1.2463	1.3885	0.7002	0.7552	0.7458
G232_02671	0.6819	0.8671	0.7392	0.8444	0.9751	1.3435	0.3735	1.0530	0.8699	1.0215	1.3946	0.6096	0.7898	0.4250	0.9795	0.7429	1.1128	0.8504	0.8788	0.2521	0.7303	1.0974	1.4138	0.5827	0.7582	0.9024	0.5323
G232_02672	0.7522	0.1399	0.8401	0.7899	0.6224	0.6609	0.8434	0.7152	0.8777	0.4301	0.9525	0.7675	0.6582	0.7929	0.6491	0.8857	0.0467	0.8011	0.8606	0.6218	0.9703	0.8312	0.1133	1.1511	0.7490	0.8400	0.6652
G232_02673	0.5877	0.9860	0.9772	0.5603	0.6349	1.0783	0.5120	0.4305	1.0874	0.7823	0.9890	1.0789	0.6900	1.1571	0.9971	0.4952	0.8327	1.0387	1.1515	1.0924	0.8439	0.8344	1.0246	0.5827	0.8680	0.8512	0.7777
