GENE	Rstd	SM102	SM104	SM105	SM108	SM109	SM11	SM122	SM13	SM14	SM18	SM24	SM27	SM28	SM29	SM35	SM36	SM42	SM48	SM57	SM66	SM67	SM72	SM74	SM84	SM9	SM91
G232_10649	9.84	0.17	6.42	2.17	3.63	1.24	0.81	0.37	4.23	2.05	9.71	1.98	2.85	1.64	3.68	0.64	0.08	5.06	1.25	0.81	4.53	1.78	0.06	0.64	12.56	4.98	8.47
G232_10650	9.30	0.23	6.02	1.80	4.06	2.17	0.80	0.47	3.26	2.71	12.76	2.11	3.72	2.17	2.88	0.96	0.00	4.13	2.21	1.29	6.73	1.84	0.17	0.16	9.97	5.03	10.41
G232_10651	8.59	0.16	5.20	1.99	3.49	1.56	1.25	1.06	3.17	1.68	7.81	1.64	4.39	2.23	1.57	0.94	0.33	3.18	1.02	0.62	5.81	2.51	0.40	0.68	11.13	4.74	8.05
G232_10652	9.32	0.00	3.98	3.10	3.99	3.20	1.07	0.57	6.77	1.52	15.76	1.60	4.52	4.00	4.64	0.99	0.00	4.18	0.80	1.40	7.24	4.20	0.11	1.58	11.74	4.46	10.96
G232_10653	9.60	0.70	5.94	2.06	4.73	1.67	1.12	2.26	5.40	3.53	11.29	1.44	3.41	2.65	4.40	1.18	1.46	4.70	1.79	1.04	6.75	3.06	1.08	0.99	13.34	4.21	10.88
G232_10654	11.29	0.94	6.53	1.92	2.62	1.76	1.48	1.24	6.38	3.59	9.79	2.37	3.83	3.15	4.22	0.73	2.28	4.31	1.30	0.76	6.53	3.64	1.15	0.97	11.55	5.52	10.26
G232_10655	9.19	0.80	6.80	2.47	4.07	1.94	1.48	1.33	4.17	2.28	11.05	1.71	3.22	2.61	3.78	0.82	1.17	4.59	1.20	0.90	5.47	2.78	0.75	1.19	10.55	4.39	8.90
G232_10656	12.26	0.86	8.37	1.65	4.52	1.69	2.35	1.53	3.06	2.26	8.84	1.61	3.43	2.78	5.22	1.32	0.22	3.74	2.12	1.34	9.01	6.33	0.11	1.91	10.54	4.47	8.65
G232_10657	8.79	2.13	5.88	2.02	4.95	1.83	1.76	0.99	6.20	3.74	9.78	1.34	3.28	2.34	4.36	1.17	3.47	4.82	1.52	0.95	5.76	2.73	2.57	1.17	12.79	4.38	9.57
