GENE	Rstd	SM102	SM104	SM105	SM108	SM109	SM11	SM122	SM13	SM14	SM18	SM24	SM27	SM28	SM29	SM35	SM36	SM42	SM48	SM57	SM66	SM67	SM72	SM74	SM84	SM9	SM91
G232_02764	4.70	0.71	3.40	1.06	1.22	1.01	0.58	0.49	1.96	1.47	5.26	0.85	1.41	0.63	2.10	0.11	1.29	2.36	0.92	0.24	2.82	1.31	0.96	0.31	4.69	1.63	4.30
G232_02765	8.14	1.57	5.42	2.26	3.68	2.24	1.36	1.66	4.70	5.04	11.36	1.74	4.07	3.11	4.07	0.75	3.38	4.80	1.04	1.02	5.62	2.39	2.21	0.88	11.29	4.94	10.75
G232_02766	9.11	1.40	5.63	3.39	3.41	1.70	1.25	1.95	3.28	2.31	10.97	2.02	4.04	2.89	5.33	0.63	1.86	4.79	0.98	0.99	7.06	3.14	1.13	1.26	10.43	4.99	10.47
G232_02767	9.75	0.17	5.81	2.25	3.80	1.04	0.58	1.15	4.11	1.57	10.33	1.93	4.15	2.38	3.95	0.73	0.01	4.36	1.12	0.63	4.97	2.40	0.20	0.56	11.67	4.58	9.81
G232_02768	9.53	0.37	8.04	3.00	2.64	0.75	0.94	1.41	4.25	2.67	10.41	1.32	4.28	2.00	2.74	0.43	1.06	6.27	1.32	0.38	5.15	2.77	1.00	0.15	14.18	5.11	9.53
G232_02769	9.37	0.49	5.22	2.41	4.07	1.59	1.25	0.25	5.74	2.10	14.99	2.96	3.86	2.85	4.46	1.38	1.35	8.11	0.58	1.05	7.81	1.07	0.87	2.53	10.51	6.77	11.67
G232_02770	5.64	0.16	4.19	1.57	4.88	2.64	0.83	1.19	4.05	1.52	11.30	2.24	2.42	1.75	2.36	0.66	0.00	3.99	2.16	0.65	7.61	2.98	0.00	0.85	12.66	4.11	10.05
G232_02771	8.72	0.41	5.33	2.35	4.28	1.32	0.87	1.51	4.24	2.74	8.55	1.79	3.42	2.26	4.11	0.99	0.63	4.67	1.34	0.91	5.55	2.52	0.50	0.91	11.68	5.04	8.32
G232_02772	8.03	5.51	6.91	1.65	2.61	2.84	2.07	1.11	4.08	10.60	7.39	1.53	3.40	1.83	3.14	1.09	11.43	4.55	1.99	0.87	5.55	2.18	8.36	1.30	11.45	3.31	8.16
G232_02773	7.35	0.88	5.32	1.98	3.43	1.05	1.33	1.07	4.10	2.44	11.01	1.59	3.00	2.81	3.63	0.53	1.75	4.18	0.97	0.73	5.52	2.61	1.72	0.86	11.34	3.84	9.36
G232_02774	8.43	0.40	4.82	1.12	2.87	1.83	0.76	1.46	4.09	2.24	9.53	1.80	3.25	2.37	3.83	0.69	0.42	4.46	1.26	0.52	6.30	2.22	0.33	0.72	11.23	4.67	9.27
G232_02775	6.22	3.61	7.29	1.60	4.46	3.25	2.61	1.67	3.09	3.88	7.93	1.50	2.93	1.96	3.52	1.41	4.82	4.25	1.56	1.36	7.03	3.29	5.11	1.72	8.07	4.19	7.48
G232_02776	7.74	0.00	5.53	1.48	3.94	2.41	0.78	1.02	3.41	0.95	9.28	1.04	3.96	2.00	3.97	0.32	0.00	4.50	1.51	0.99	6.29	2.18	0.31	1.38	8.73	4.21	9.14
G232_02777	8.79	0.39	6.15	1.52	4.84	2.26	1.02	1.37	2.44	2.19	9.38	1.74	2.55	2.51	3.69	0.76	0.98	4.22	1.64	0.72	6.92	2.46	0.60	1.15	10.40	5.46	9.90
G232_02778	9.54	21.88	6.04	2.26	3.75	6.82	4.47	1.31	5.77	32.78	1.86	1.91	4.05	1.53	3.64	1.40	48.83	8.60	3.86	1.33	6.21	2.32	36.60	1.48	10.87	6.34	8.93
G232_02779	8.43	1.85	5.49	3.61	3.01	2.39	1.60	0.86	2.79	4.27	10.17	1.39	3.34	3.14	2.37	1.52	2.53	5.13	1.42	0.87	6.01	2.63	1.86	1.01	10.42	3.98	9.00
G232_02780	9.58	0.26	6.76	1.99	3.85	1.37	1.34	1.42	3.50	2.26	6.88	1.12	3.72	2.18	2.68	0.72	0.85	4.29	1.13	0.78	6.95	2.92	0.67	0.81	8.33	4.44	9.21
G232_02781	8.16	0.20	7.35	1.97	4.06	1.80	0.95	1.36	3.55	1.58	8.48	1.44	3.06	2.39	2.90	0.86	0.35	4.04	1.37	1.38	5.97	2.43	0.47	0.66	9.42	3.46	10.29
G232_02782	8.67	1.06	6.98	2.02	3.91	1.62	0.86	0.90	4.10	3.90	11.61	3.02	3.36	3.25	1.94	0.64	2.18	6.44	1.34	0.82	5.79	3.71	2.36	0.50	10.98	4.18	9.18
G232_02783	6.92	1.96	6.98	2.63	3.78	1.51	1.73	1.36	4.55	2.04	12.56	1.85	4.18	1.89	3.32	0.24	1.43	5.28	2.06	1.65	5.72	2.41	1.59	1.55	11.22	5.04	9.63
G232_02784	12.93	0.07	6.44	2.33	3.37	1.96	1.56	0.80	3.10	2.55	7.80	1.64	2.48	2.57	3.55	0.23	0.00	4.38	0.97	0.67	6.58	3.19	0.21	1.03	9.17	4.95	9.78
G232_02785	10.97	1.52	5.16	2.27	3.60	1.45	0.85	0.74	4.49	4.46	9.81	2.03	3.69	2.92	3.77	0.54	3.93	5.19	1.54	1.04	4.28	2.45	1.94	1.36	12.38	4.58	9.25
G232_02786	8.83	2.62	5.53	1.20	4.05	1.77	1.18	1.07	3.94	7.65	9.41	1.89	3.52	2.28	4.16	0.65	7.50	4.17	1.32	0.94	4.47	2.56	5.43	0.92	10.95	4.88	9.75
G232_02787	6.41	10.03	7.15	1.37	4.02	1.68	3.41	0.22	3.79	16.11	9.46	2.30	2.16	3.02	7.79	0.45	20.40	7.89	1.11	1.17	4.56	2.96	21.71	0.75	11.30	5.15	11.55
G232_02788	8.69	4.62	8.53	3.13	3.89	1.71	1.79	0.41	4.10	7.29	10.12	1.19	4.31	1.88	3.31	0.78	8.66	4.03	2.03	1.41	6.14	2.32	8.03	0.96	9.66	5.07	9.18
G232_02789	9.07	1.98	7.80	2.45	3.47	2.08	1.51	1.20	3.58	5.38	8.67	1.41	3.21	1.72	3.15	0.86	3.74	5.37	1.14	1.17	5.28	2.27	3.32	1.06	10.36	3.92	9.13
G232_02790	6.06	6.44	5.14	2.24	4.97	3.41	2.24	1.19	2.89	13.41	9.13	1.54	3.29	1.75	2.76	1.34	15.84	4.52	1.79	1.24	5.71	3.12	12.90	0.95	9.47	5.41	8.86
G232_02791	8.37	1.05	5.73	1.47	3.43	1.84	1.66	1.11	3.61	1.84	6.92	1.08	3.40	3.30	1.97	1.18	1.08	5.20	1.79	0.60	7.63	3.34	1.40	1.57	8.98	6.00	7.97
G232_02792	9.19	2.69	6.70	1.42	4.06	2.31	1.92	1.18	3.77	8.23	8.38	2.09	3.56	2.08	2.72	0.48	9.02	4.65	1.44	0.87	5.92	1.57	5.53	1.06	9.96	4.18	8.72
G232_02793	8.69	0.67	5.56	1.35	4.41	1.45	0.70	1.07	3.49	2.55	8.32	1.64	2.71	1.61	2.84	0.76	1.06	4.67	1.19	0.76	5.17	2.02	0.79	1.07	10.66	4.00	9.27
G232_02794	7.65	0.86	5.07	2.04	3.46	1.25	0.95	0.95	4.47	2.94	9.58	1.98	3.35	2.11	3.47	0.77	1.64	5.16	1.41	0.95	6.69	2.80	1.53	0.85	13.90	4.09	8.56
G232_02795	8.85	0.58	5.81	1.85	3.37	1.35	0.77	1.38	3.62	2.30	11.31	2.00	3.45	1.93	4.00	1.10	1.38	4.52	1.07	0.88	4.66	2.70	1.13	0.47	12.06	4.26	10.14
G232_02796	9.28	2.63	7.33	1.39	3.52	2.99	2.29	1.66	3.53	4.63	10.12	1.75	2.90	1.82	4.04	1.17	4.03	3.58	1.59	2.04	5.98	2.68	4.00	1.37	10.09	4.05	9.57
G232_02797	10.18	0.00	5.05	1.61	5.01	1.78	1.43	1.30	2.97	2.69	11.00	3.19	3.85	2.10	3.48	0.75	0.00	4.12	1.04	1.01	6.71	2.04	0.22	0.57	9.56	4.42	11.31
G232_02798	7.73	0.48	6.61	2.50	5.27	1.99	1.05	1.47	3.82	2.09	9.37	1.29	4.29	2.29	3.21	0.60	0.70	4.13	1.09	1.38	7.03	3.01	0.60	1.36	10.66	4.05	10.19
G232_02799	8.08	1.12	6.67	1.61	4.23	1.73	1.70	1.46	3.26	3.70	7.51	1.81	2.86	2.22	2.89	1.34	2.88	4.03	1.46	0.92	7.23	2.64	2.11	1.45	8.61	4.41	8.09
G232_02800	10.60	1.81	6.10	1.62	3.46	1.73	1.02	1.45	4.39	3.22	8.27	1.60	2.99	2.76	4.15	1.30	1.85	4.70	0.80	0.83	7.51	2.64	1.58	0.98	11.68	3.96	8.54
