GENE	Rstd	SM102	SM104	SM105	SM108	SM109	SM11	SM122	SM13	SM14	SM18	SM24	SM27	SM28	SM29	SM35	SM36	SM42	SM48	SM57	SM66	SM67	SM72	SM74	SM84	SM9	SM91
G232_05316	0.4539	3.0839	0.3454	0.2451	0.4689	0.9565	0.2229	0.3907	0.3476	2.4355	0.4190	0.0702	0.2272	0.2714	0.5468	0.5905	3.0039	0.4806	0.7030	0.5294	0.4619	0.8766	2.8768	0.4748	0.3776	0.3728	0.2666
G232_05317	0.5183	0.0000	0.5820	0.5097	0.5021	0.4609	0.4578	0.7086	0.5282	0.2849	0.7747	0.4956	0.7304	0.6750	0.5439	0.1810	0.0506	0.5458	0.4667	0.6723	0.5471	0.5390	0.0985	0.1583	0.4317	0.5136	0.6306
G232_05318	1.0168	1.0909	0.8427	0.7665	0.8071	0.7174	0.7349	0.9007	0.8602	1.2366	1.2728	0.8816	0.7282	0.9250	1.2836	0.9905	1.2451	1.0546	0.9394	0.5882	0.7716	0.9188	1.0542	0.6547	0.8940	0.8576	0.9522
G232_05319	0.7859	2.1259	0.7312	0.6459	0.5560	0.9478	0.7349	0.7417	0.9165	1.6478	1.4982	0.8158	0.9958	0.8500	1.3187	0.9429	2.1206	0.9912	0.9333	0.7899	0.6994	0.7955	2.0788	0.5108	0.8764	0.9024	0.7830
G232_05320	0.6492	0.2867	0.8817	0.6848	0.7137	0.5609	0.6145	1.1987	0.5573	0.6613	1.3118	0.8026	0.8068	1.0857	1.2573	0.5524	0.0623	0.7113	0.7030	1.0168	0.7523	0.8149	0.1823	0.3957	0.6720	0.6944	0.8007
G232_05321	0.7621	0.3287	0.8024	0.8171	0.7697	0.6609	0.4518	1.2715	0.5961	0.6667	1.1571	0.8333	0.7707	0.6964	1.3099	0.6000	0.1245	0.5317	0.7818	0.6723	0.6142	1.0065	0.2562	0.5971	0.9588	0.7680	0.7236
G232_05322	0.8761	0.0979	0.8266	0.4903	0.8320	0.7609	0.3916	1.1258	0.8660	0.5887	1.2424	0.7237	1.0679	0.7857	1.0380	0.6571	0.2179	0.8187	0.7091	0.3109	0.5871	1.1364	0.2808	0.7986	0.8474	0.8480	1.0080
G232_05323	0.6720	0.5455	0.9099	0.5603	0.9170	0.7478	0.9096	0.3907	0.5107	0.8387	1.0158	0.7281	0.6242	1.0000	0.8129	1.0667	0.7588	0.6127	0.6970	0.6303	0.8903	0.5455	0.8719	1.2302	0.7529	0.7888	0.5784
G232_05324	0.7790	1.2308	1.0000	0.7588	1.0249	0.7739	0.7831	1.1060	0.5204	1.0108	1.4300	0.5614	0.6008	0.9607	1.0205	0.3048	0.9416	0.6778	0.7455	1.2353	0.6903	0.6623	1.2365	1.2302	0.8680	0.6928	0.8494
