GENE	Rstd	SM102	SM104	SM105	SM108	SM109	SM11	SM122	SM13	SM14	SM18	SM24	SM27	SM28	SM29	SM35	SM36	SM42	SM48	SM57	SM66	SM67	SM72	SM74	SM84	SM9	SM91
G232_04889	0.8840	2.0629	0.8320	1.2763	0.8485	0.8826	0.7470	0.6490	0.6524	1.7177	1.4775	0.8640	0.8450	0.9607	1.0556	0.7714	1.2685	0.8574	0.9333	0.6218	0.7277	0.8701	1.2709	0.6906	0.9893	0.5808	0.7414
G232_04890	0.8414	1.9510	0.8575	0.8210	0.7427	1.1087	0.8193	0.7152	0.8602	1.6559	1.3009	0.9693	0.7197	1.0571	1.1287	0.9238	3.1868	0.8257	1.0606	0.9328	0.6271	0.8539	2.2463	0.5971	0.8192	0.8704	0.9247
G232_04891	0.7552	0.6014	0.8669	0.5914	0.7573	1.1130	1.0241	0.8278	0.9029	0.7231	1.2887	0.9254	0.9406	1.1143	1.4006	0.8286	0.6654	1.0704	0.8424	0.7815	0.7303	0.8701	0.8325	0.5755	0.7895	0.9408	1.0053
G232_04892	0.6908	1.4266	0.5161	0.7160	0.7801	0.3087	0.8554	0.5894	0.7903	0.6720	1.1827	1.1623	0.9108	1.3107	1.2310	1.1714	0.8638	1.0035	1.0424	1.0672	0.6452	0.9903	0.9212	0.6403	0.7963	0.8496	0.8175
G232_04893	0.9336	6.4056	0.8656	0.7237	0.8942	1.4565	1.4036	0.9868	0.9670	4.2231	1.5262	0.6974	0.9151	1.2786	1.4123	0.7619	9.2179	1.1373	1.1879	1.1345	0.8813	1.0390	7.6207	1.0000	0.9268	0.9168	0.9079
G232_04894	0.9197	0.5734	0.6411	0.9650	1.1950	1.0304	1.3916	0.5166	0.5592	1.1962	1.1596	0.4605	0.8811	1.0107	1.3363	1.6571	0.5019	1.0933	0.6303	1.5462	0.7961	0.6623	0.6601	0.8849	1.2151	1.0832	0.8229
G232_04895	1.0585	3.4615	0.6694	0.7043	0.7012	1.1696	0.8916	0.9404	0.5010	2.5806	1.5810	0.5219	0.7580	0.7250	1.3977	2.0381	3.4008	1.0634	1.0303	1.1261	1.1123	0.7143	2.9507	1.0863	0.7704	0.8432	0.9017
G232_04896	0.7681	4.6853	0.8105	0.7121	0.8299	0.8478	1.2108	0.6490	0.5748	3.1720	1.3666	0.6096	0.7452	0.7250	1.0994	0.7143	5.3074	1.0053	0.7879	0.7815	0.5342	0.8669	4.5468	0.5036	0.8528	0.5888	0.8220
G232_04897	0.8890	0.3357	0.3817	0.9455	0.3133	0.1565	0.1145	0.0000	0.9689	0.2849	0.3569	0.5219	1.1783	1.0679	1.2982	0.0000	0.0000	1.5035	0.6242	1.0588	0.3303	0.9188	0.0000	0.4964	1.1365	0.7552	1.3862
