GENE	Rstd	SM102	SM104	SM105	SM108	SM109	SM11	SM122	SM13	SM14	SM18	SM24	SM27	SM28	SM29	SM35	SM36	SM42	SM48	SM57	SM66	SM67	SM72	SM74	SM84	SM9	SM91
G232_02613	6.60	7.62	4.66	2.27	3.90	3.12	2.38	1.56	4.94	13.46	14.35	2.73	4.81	3.01	4.35	1.10	18.35	4.89	1.49	1.23	5.30	2.83	13.83	0.73	12.19	5.55	10.37
G232_02614	6.38	1.29	6.60	1.46	2.87	1.94	1.52	1.40	4.37	2.49	9.19	2.36	2.85	4.09	2.68	0.59	1.24	5.27	0.75	1.20	6.97	2.91	1.23	1.72	11.50	6.12	11.26
G232_02615	10.30	0.31	7.09	1.48	4.56	2.21	1.93	0.71	3.30	1.64	10.84	2.65	4.33	3.73	3.87	0.57	0.67	4.46	1.46	1.17	6.77	1.75	0.64	1.54	13.77	5.30	11.58
G232_02616	8.51	2.41	6.33	1.72	4.84	2.16	1.70	1.67	4.10	5.25	11.13	2.10	3.13	2.77	3.50	1.03	5.24	4.28	1.05	1.55	7.97	3.38	3.99	1.28	10.03	5.79	6.97
G232_02617	7.90	1.90	5.32	1.64	2.84	3.21	2.30	0.75	3.24	7.72	10.67	1.27	3.51	2.49	3.80	0.87	4.83	8.22	2.42	1.24	6.05	2.42	4.86	1.44	13.44	5.56	11.51
G232_02618	7.42	1.91	5.77	2.44	4.83	2.23	0.77	1.11	4.35	5.77	11.73	1.88	4.08	2.70	5.77	0.99	3.55	5.85	1.84	0.51	5.84	2.29	2.93	1.51	8.92	5.98	10.02
G232_02619	10.14	3.00	5.37	2.62	4.22	2.84	0.95	1.01	4.20	7.95	10.65	1.47	3.74	3.02	3.38	0.51	6.84	6.31	1.47	0.73	5.98	1.27	4.13	1.09	11.67	4.88	10.72
G232_02620	9.58	5.32	6.16	2.31	4.32	2.52	2.03	1.24	4.57	9.03	9.97	1.89	3.98	2.55	4.17	1.22	13.25	4.87	1.68	0.81	6.00	2.86	8.88	0.65	12.24	4.65	10.32
G232_02621	12.84	3.44	5.00	3.19	4.27	2.43	2.16	1.16	7.34	6.38	12.71	1.63	5.37	3.19	5.84	0.84	5.37	6.03	1.75	0.79	6.27	1.35	4.76	0.96	12.02	6.76	11.40
