GENE	Rstd	SM102	SM104	SM105	SM108	SM109	SM11	SM122	SM13	SM14	SM18	SM24	SM27	SM28	SM29	SM35	SM36	SM42	SM48	SM57	SM66	SM67	SM72	SM74	SM84	SM9	SM91
G232_10624	0.5659	0.3217	0.6935	0.4047	0.2739	0.5435	0.1988	0.4570	0.4078	0.3548	0.8002	0.8158	0.3864	0.2286	0.5146	0.2000	0.0000	0.7113	0.0000	0.3529	0.6465	0.4383	0.0000	0.4101	0.3852	0.1888	0.5536
G232_10625	0.6947	1.0420	0.7366	0.6342	0.8797	1.1217	0.6506	0.7748	0.8524	1.4301	1.3532	0.8728	0.6539	1.0143	1.3567	1.6190	1.1556	1.0986	0.8788	1.2269	0.9768	0.6461	1.5665	0.8993	0.9184	0.7360	0.9814
G232_10626	0.7820	1.8462	1.3199	0.3541	1.1577	0.6696	1.6386	1.1060	1.1107	1.3495	1.8149	0.5482	1.1677	1.0714	1.4708	1.0476	1.0195	1.0669	0.8121	1.0924	1.1819	0.5227	1.7192	1.3237	0.6720	0.9504	0.8415
G232_10627	0.6343	1.5245	0.5833	0.9533	0.7759	0.7565	0.7229	0.2252	0.7961	1.9220	1.2789	0.7895	0.6730	0.8679	0.9708	0.5429	1.8794	1.0528	1.0242	1.1008	0.5574	0.4870	1.5616	0.6475	0.7971	0.7344	0.7741
G232_10628	0.7661	0.0699	0.8011	0.9767	0.6369	0.6174	0.4880	0.9338	0.9534	0.1774	0.0049	0.8596	0.9363	0.6357	0.0497	1.1238	0.0000	0.7887	1.0364	0.6723	1.0632	1.1688	0.0493	0.1871	0.8612	0.7232	0.6794
G232_10629	0.8672	0.2378	0.8696	0.7354	0.7137	0.6348	0.6867	0.8675	0.8214	0.6156	1.2875	0.6974	0.6921	0.8357	1.2544	0.5143	0.2957	0.6514	0.9636	0.8487	0.7755	0.9805	0.2512	0.5755	0.8238	0.7472	0.8255
G232_10630	0.7661	0.1049	0.6505	0.7938	0.7095	0.9739	0.7711	0.7815	0.8408	0.4651	1.4141	0.6316	0.6518	0.7607	1.7135	0.8857	0.0000	0.8398	0.7333	0.6891	0.7406	1.1721	0.0985	0.4748	0.9954	0.6384	0.9725
G232_10631	0.9316	0.2168	0.9019	0.9261	1.0539	0.8739	0.8916	0.8609	1.0544	0.4274	1.0974	0.8377	0.7134	0.8929	1.0906	1.0762	0.0661	0.7518	0.6606	0.6134	1.0039	0.8604	0.0542	1.0719	0.8902	0.8464	0.7981
G232_10632	0.9197	2.0490	0.9140	0.4163	0.7158	0.8217	0.5843	1.2318	0.7748	1.8199	1.3386	0.9035	0.8174	0.8143	1.2661	0.9810	1.6848	0.8539	0.6424	1.0756	0.6297	1.0097	1.6010	0.8058	0.8818	0.8704	0.7919
