GENE	Rstd	SM102	SM104	SM105	SM108	SM109	SM11	SM122	SM13	SM14	SM18	SM24	SM27	SM28	SM29	SM35	SM36	SM42	SM48	SM57	SM66	SM67	SM72	SM74	SM84	SM9	SM91
G232_00629	7.05	3.80	5.81	1.89	3.12	2.42	1.53	0.92	4.28	8.93	8.43	1.67	3.33	2.12	5.16	0.83	7.99	5.68	0.82	1.51	4.93	2.38	5.56	0.74	10.35	4.20	7.52
G232_00630	8.56	0.42	5.41	1.11	4.26	2.05	1.16	1.23	3.09	2.40	9.27	1.55	3.68	2.16	3.27	0.63	0.58	5.02	1.35	1.16	5.99	2.34	0.93	0.89	9.17	3.89	7.88
G232_00631	6.67	1.11	5.35	1.74	3.06	1.81	0.84	0.70	2.75	2.55	8.49	1.26	1.91	1.48	3.43	1.03	1.29	4.58	1.55	0.70	5.27	2.05	1.55	1.20	7.15	3.22	6.41
G232_00632	6.80	0.42	5.49	1.93	4.75	1.82	0.24	0.09	2.87	1.09	7.67	1.00	4.02	1.29	3.41	0.75	0.48	4.12	1.20	1.19	6.46	1.49	0.98	1.08	7.47	5.93	7.38
G232_00633	9.08	0.72	8.14	1.82	4.35	1.74	1.64	1.07	4.54	1.03	8.62	2.11	3.87	2.06	3.40	1.59	1.01	3.89	1.15	1.12	7.81	2.57	1.08	1.55	8.93	4.94	7.71
G232_00634	7.66	0.17	4.86	1.40	3.52	1.18	0.49	0.65	4.29	2.26	11.48	1.77	3.37	2.37	2.56	0.37	0.43	4.78	1.13	0.71	5.09	1.36	0.69	1.14	12.06	4.27	10.51
G232_00635	6.20	0.49	5.32	2.07	3.16	2.33	0.98	1.91	2.96	3.07	10.10	0.41	2.67	2.36	3.06	0.56	0.21	3.38	1.44	1.11	7.45	3.75	0.40	0.88	9.96	4.63	7.05
G232_00636	8.45	0.18	5.64	2.38	3.40	1.63	0.91	1.51	4.95	1.92	10.29	1.97	3.76	2.03	3.40	0.75	0.16	5.92	1.51	0.89	6.20	2.43	0.09	0.61	10.48	4.01	9.38
G232_00637	8.01	0.05	5.36	2.10	4.34	3.02	2.21	1.07	4.13	1.72	18.54	1.89	3.21	1.91	0.19	1.54	0.00	4.15	1.62	0.38	6.37	3.04	0.15	1.39	12.72	6.37	10.30
