GENE	Rstd	SM102	SM104	SM105	SM108	SM109	SM11	SM122	SM13	SM14	SM18	SM24	SM27	SM28	SM29	SM35	SM36	SM42	SM48	SM57	SM66	SM67	SM72	SM74	SM84	SM9	SM91
G232_04316	19.59	0.00	28.11	13.32	10.70	2.63	4.03	5.23	8.84	4.51	26.98	3.64	21.29	3.58	22.09	5.17	0.00	7.57	10.74	2.54	9.17	18.03	0.00	4.84	52.41	26.71	18.15
G232_04317	7.99	0.00	4.64	3.49	6.59	0.24	1.56	0.69	7.95	1.92	0.00	3.23	8.14	3.26	0.45	1.11	0.00	8.90	2.39	0.71	4.83	6.11	0.28	1.39	22.00	11.08	16.78
G232_04318	9.12	0.44	6.66	3.27	10.73	1.20	2.27	1.03	7.52	2.69	0.69	3.64	7.52	5.39	0.53	1.52	0.06	11.28	3.85	0.81	5.17	6.99	0.33	1.76	36.20	11.04	24.06
G232_04319	7.37	0.39	5.30	1.69	3.56	2.01	1.02	1.42	4.57	1.39	11.21	2.09	3.38	2.61	3.28	1.54	0.48	5.83	1.69	0.89	7.01	2.62	0.42	0.87	9.90	5.01	8.76
G232_04320	29.69	0.00	16.26	3.15	13.62	4.49	3.70	2.60	10.28	2.87	0.00	5.43	6.72	6.00	4.69	2.24	0.00	12.72	5.84	3.43	17.76	9.03	0.42	1.44	47.59	8.60	29.72
G232_04321	8.20	0.70	5.27	1.53	3.56	1.13	1.22	1.64	5.57	1.60	10.12	1.84	3.92	2.30	4.75	0.85	0.31	5.45	0.90	0.89	6.99	3.64	0.54	1.12	13.85	4.58	10.21
G232_04322	10.50	0.69	6.38	1.60	3.78	1.65	0.95	1.44	4.43	2.16	10.85	1.36	4.29	2.30	4.36	0.86	1.02	4.36	1.52	1.19	6.49	2.68	1.33	1.14	12.28	6.57	10.58
G232_04323	10.28	0.33	8.34	2.69	3.57	0.70	1.09	0.67	4.88	1.29	10.52	1.82	5.40	2.67	4.48	0.75	0.34	4.52	0.92	1.09	5.14	3.67	0.50	1.39	10.31	6.08	9.37
G232_04324	9.75	0.64	6.07	2.45	3.71	1.87	1.18	1.68	5.16	2.54	11.20	1.64	3.67	2.90	3.74	1.01	0.82	4.32	1.19	0.73	6.49	2.74	0.67	1.17	12.79	4.62	9.84
G232_04325	8.38	0.24	5.73	1.56	3.07	1.14	0.55	0.84	3.92	2.53	9.29	2.23	3.13	1.90	0.89	0.90	0.00	3.97	1.26	0.44	5.17	2.17	0.15	0.66	11.17	5.05	7.96
G232_04326	9.81	2.35	5.68	1.38	4.53	1.67	1.37	0.77	2.46	6.33	10.29	1.47	2.35	2.36	5.30	0.84	6.92	2.88	0.24	0.87	6.03	2.19	3.68	1.13	7.61	4.99	7.36
G232_04327	7.37	4.40	5.13	1.81	4.42	3.19	1.51	1.14	2.96	3.88	6.77	0.92	3.11	1.40	2.94	0.52	5.40	4.68	1.81	1.33	4.19	1.97	4.25	0.91	8.74	3.42	8.28
G232_04328	9.40	1.33	8.63	1.73	3.15	1.33	1.66	1.62	3.11	3.03	10.30	0.49	3.47	2.37	3.21	0.45	2.02	4.22	0.88	0.94	5.80	1.72	1.71	1.03	9.44	3.79	8.32
G232_04329	10.36	1.46	6.41	1.76	3.02	1.83	1.68	1.54	4.01	2.49	10.23	1.73	3.23	2.45	3.27	0.99	1.41	4.23	1.10	1.18	6.44	2.48	1.98	1.44	11.50	5.30	9.94
G232_04330	9.92	13.10	7.07	2.11	3.64	5.42	3.91	1.34	3.92	23.09	10.81	2.13	3.10	3.05	4.48	1.19	30.27	6.90	3.03	1.27	5.17	3.48	19.82	1.19	11.99	4.38	10.27
G232_04331	10.62	0.18	6.08	1.77	3.95	1.64	0.93	1.16	4.38	1.66	11.73	2.43	3.90	2.21	3.31	1.02	0.30	4.43	1.23	1.23	6.33	1.57	0.13	1.00	12.17	5.93	10.94
G232_04332	8.71	1.52	6.06	1.40	3.68	1.50	1.74	1.44	3.35	2.30	8.68	1.17	2.61	1.69	3.26	0.49	2.27	4.05	1.15	1.53	5.83	1.90	1.57	1.33	9.90	4.46	10.35
G232_04333	8.08	0.09	4.25	1.68	3.00	1.68	0.44	1.67	3.99	1.79	9.18	1.57	4.26	3.95	3.80	0.58	0.00	6.50	1.61	0.54	7.46	2.42	0.00	1.04	11.62	5.17	9.31
G232_04334	9.17	0.36	6.34	1.98	5.11	0.93	1.22	1.60	4.95	2.60	9.45	1.58	3.83	2.90	3.27	0.93	0.15	5.72	0.87	0.50	7.31	2.56	0.38	1.06	11.52	5.46	8.53
G232_04335	10.56	1.89	6.60	2.31	4.52	2.18	0.98	1.46	3.54	3.41	9.22	1.49	3.37	2.13	4.22	0.95	2.34	4.68	1.94	1.32	6.06	2.39	1.86	0.73	11.82	4.78	9.19
G232_04336	9.71	0.00	7.50	2.09	4.56	2.34	0.86	1.43	3.61	2.72	11.35	1.13	4.44	2.16	4.89	1.19	0.00	4.75	1.26	0.68	6.18	2.14	0.04	0.96	11.13	5.61	9.97
G232_04337	9.84	1.27	5.94	2.23	3.12	1.64	1.32	1.22	4.41	3.46	12.22	1.72	3.51	2.99	4.31	0.73	2.93	5.37	1.29	0.85	6.13	3.00	1.78	0.98	11.57	4.78	10.37
G232_04338	6.84	0.74	5.70	1.68	3.56	1.12	0.34	1.62	2.85	1.91	14.71	1.55	3.13	2.18	6.18	0.70	1.04	4.02	2.12	0.67	7.85	1.78	1.16	1.17	12.34	4.95	7.53
G232_04339	6.72	0.84	6.70	2.73	4.30	1.44	1.29	1.81	4.66	3.85	10.39	2.10	3.87	2.21	2.83	0.84	2.55	4.99	0.96	0.71	4.99	2.88	1.53	1.41	12.78	4.10	9.38
G232_04340	8.30	0.84	7.08	1.90	4.71	1.75	0.87	1.73	3.82	2.63	9.80	1.47	3.64	1.74	3.61	1.10	1.34	3.70	1.38	1.02	6.74	2.15	1.37	1.48	11.72	5.54	9.29
G232_04341	8.64	1.10	6.75	1.72	3.92	1.30	1.52	1.82	4.65	3.45	10.61	1.37	2.34	2.95	2.19	0.86	2.02	3.73	0.87	0.83	7.38	2.01	1.63	1.39	8.73	4.53	7.22
G232_04342	8.42	0.47	6.14	1.41	3.28	1.64	0.99	1.58	4.07	1.93	10.81	1.62	3.69	2.00	3.31	1.26	0.27	4.13	0.70	0.94	6.53	2.77	0.46	0.84	11.21	4.30	10.02
G232_04343	10.84	0.64	4.61	1.43	3.36	1.82	1.86	0.78	5.05	3.81	7.39	2.27	4.32	1.60	3.65	0.68	1.18	5.12	0.48	0.66	9.34	1.85	0.49	1.08	10.54	3.92	9.21
G232_04344	10.41	5.26	8.00	2.21	3.37	2.09	1.45	1.64	4.36	9.31	11.39	2.89	3.00	2.58	2.72	1.30	11.99	4.61	1.03	1.34	8.36	1.92	7.27	1.14	10.25	4.49	7.67
G232_04345	2.97	1.57	4.01	0.94	1.89	0.97	0.31	0.67	1.91	2.24	6.78	1.08	1.40	1.12	1.75	0.45	1.15	2.54	0.87	0.77	4.36	0.75	1.75	0.63	6.76	2.87	3.93
G232_04346	9.12	0.40	5.18	2.51	4.00	1.16	1.24	1.38	3.40	2.75	11.19	1.31	3.94	2.47	4.68	0.22	0.80	6.48	0.86	0.63	7.05	2.42	0.43	0.96	12.00	2.90	10.76
G232_04347	9.34	0.98	6.63	1.88	4.23	2.50	1.53	1.35	4.50	3.08	10.85	1.90	3.94	2.54	3.80	1.33	1.91	4.26	1.31	1.11	7.11	2.13	1.93	1.04	10.61	5.05	10.62
G232_04348	6.57	0.17	5.99	1.76	3.14	2.38	1.39	0.67	5.11	0.21	0.00	1.57	3.31	1.67	1.67	1.35	0.00	4.92	1.39	1.49	6.05	2.41	0.23	0.89	12.78	5.92	8.06
G232_04349	12.19	2.91	8.08	1.94	3.99	1.77	1.99	1.81	4.43	4.73	12.68	1.82	3.13	2.43	3.74	0.65	4.38	4.68	1.83	0.84	6.32	2.80	3.07	0.64	12.01	4.43	7.34
G232_04350	8.82	0.38	5.67	2.10	5.20	0.97	1.52	1.78	5.08	1.91	9.81	1.88	2.67	1.08	3.56	0.88	0.08	4.53	1.90	0.62	5.94	3.87	0.25	0.10	11.71	4.80	9.41
G232_04351	8.06	1.31	7.55	1.73	4.05	1.93	0.34	1.15	2.43	1.81	10.00	2.30	3.48	3.60	3.25	0.57	2.38	2.78	1.37	0.94	6.45	2.26	0.92	1.55	10.96	5.69	9.70
G232_04352	8.66	3.47	5.77	1.63	3.87	2.53	1.68	1.01	4.76	7.56	12.02	2.32	3.74	3.11	4.19	0.78	6.85	5.08	1.54	0.94	5.65	1.59	4.85	0.95	12.96	5.63	10.90
G232_04353	6.19	1.57	6.67	1.67	4.01	1.61	1.80	1.11	6.84	5.60	11.62	2.28	5.11	3.22	3.69	0.48	2.63	6.71	0.98	0.60	5.57	2.69	2.61	1.08	12.56	5.04	10.49
G232_04354	8.99	0.54	5.02	2.50	4.43	2.03	1.62	0.53	5.57	1.79	9.89	2.01	3.70	1.95	3.79	1.93	0.74	3.99	2.10	1.67	7.73	1.98	0.44	1.45	13.37	4.35	9.79
G232_04355	8.09	3.49	5.14	1.06	3.50	2.02	1.36	1.50	4.28	6.20	11.03	2.68	4.85	2.30	4.46	0.74	6.88	6.07	0.75	0.54	5.21	2.45	4.93	0.40	11.35	4.99	9.46
G232_04356	7.47	0.60	8.01	2.12	3.63	2.44	1.16	1.43	5.25	2.29	13.01	1.78	4.72	2.72	4.42	0.70	1.24	5.38	1.46	1.15	7.20	2.19	1.34	1.42	13.54	5.68	11.01
G232_04357	11.00	0.57	7.68	1.19	4.32	2.37	1.59	1.36	3.89	2.60	11.99	1.58	3.72	3.42	5.80	0.59	1.68	6.21	1.94	0.90	6.41	2.90	1.87	1.21	11.11	4.10	8.14
G232_04358	8.95	4.21	7.02	1.61	2.92	1.80	1.41	1.64	3.93	7.08	11.62	1.86	3.93	2.44	5.43	0.97	5.47	5.64	1.78	0.98	5.94	2.27	3.90	0.89	10.36	5.44	9.43
G232_04359	7.78	0.28	6.58	2.26	3.63	0.90	1.10	1.08	3.35	1.67	9.47	2.59	3.35	2.64	4.02	0.89	0.11	4.03	0.61	0.85	4.91	3.32	0.26	0.72	11.16	3.62	8.34
G232_04360	8.50	1.00	6.73	1.83	4.50	1.89	1.92	0.41	4.03	1.51	9.63	2.42	3.41	2.31	3.94	1.34	1.04	6.01	1.98	1.50	6.89	2.57	1.41	1.33	7.37	4.04	8.29
G232_04361	4.71	9.19	5.85	1.25	4.53	3.43	2.12	1.27	3.57	9.76	10.12	0.54	3.02	2.85	1.77	1.20	12.68	4.42	1.33	1.10	7.52	4.05	7.57	1.97	8.99	4.01	8.81
G232_04362	9.43	2.23	6.58	1.50	3.48	1.96	1.52	0.75	3.58	6.00	9.66	1.03	4.73	1.85	2.63	0.75	5.01	4.20	0.68	1.03	5.47	2.02	3.80	0.69	12.51	3.52	10.59
G232_04363	6.25	0.00	5.58	1.64	3.93	1.03	0.58	0.21	2.64	1.94	11.08	1.04	3.28	2.24	2.83	0.34	0.11	4.67	0.91	0.84	3.95	2.08	0.16	1.86	11.83	4.36	9.05
G232_04364	6.41	0.84	5.02	1.95	3.16	1.33	1.33	1.50	4.37	1.44	11.10	1.71	1.41	2.52	3.50	0.26	0.64	4.06	1.56	0.63	5.31	1.04	0.45	0.49	7.55	4.26	9.28
G232_04365	6.53	0.00	6.03	1.95	3.10	2.35	1.10	1.10	5.29	1.38	7.96	1.80	2.12	2.18	2.94	0.64	0.02	3.56	1.29	0.63	6.73	1.78	0.14	1.12	9.92	3.71	10.94
G232_04366	8.40	1.19	6.33	1.99	3.58	1.71	0.87	1.40	4.00	3.16	10.75	1.46	2.40	2.17	3.35	0.98	1.71	4.11	0.82	1.15	5.30	2.78	1.25	1.44	11.23	4.44	10.07
G232_04367	9.20	1.33	6.27	1.65	3.91	2.25	1.14	1.35	3.72	5.07	9.95	1.73	3.88	2.22	4.38	0.91	3.86	5.74	1.66	0.90	5.21	2.37	2.61	1.12	12.56	4.24	8.97
G232_04368	9.04	0.27	7.20	1.86	3.80	2.33	0.91	0.98	4.78	2.42	8.84	2.34	3.98	3.06	5.66	0.64	0.96	3.67	0.92	1.27	5.64	2.86	0.76	0.87	10.29	5.03	10.45
G232_04369	9.82	0.50	7.22	2.95	3.74	0.84	1.29	2.07	4.62	1.81	11.17	2.09	4.08	1.88	3.71	0.80	1.19	3.86	1.60	0.38	6.95	3.31	0.49	0.80	12.54	6.26	7.24
G232_04370	6.94	0.15	6.51	2.92	5.09	1.19	1.65	2.76	3.68	2.01	11.29	1.44	4.19	1.61	3.86	0.67	0.00	5.19	0.35	0.69	9.27	1.66	0.03	1.27	10.58	4.72	11.08
G232_04371	12.02	0.45	7.02	2.25	4.22	1.50	1.49	1.76	4.18	2.55	9.38	1.80	3.66	2.84	3.59	0.90	0.93	4.62	1.14	1.08	7.37	2.22	0.68	0.86	12.42	4.85	10.23
G232_04372	7.21	1.30	6.55	1.26	3.80	2.06	1.15	0.83	4.14	4.07	7.61	1.92	3.42	1.44	5.10	0.57	2.70	4.54	0.51	1.05	8.41	1.40	2.00	1.35	9.20	5.05	7.60
G232_04373	8.64	0.53	7.05	2.18	3.75	0.90	0.90	1.54	4.30	2.69	10.50	1.85	3.11	1.45	4.51	0.90	0.29	4.47	1.90	0.97	6.20	3.55	0.32	0.95	12.93	5.15	9.14
G232_04374	8.33	1.66	7.37	2.31	3.38	1.62	1.38	1.43	2.95	3.50	9.74	1.18	3.80	1.81	4.52	1.05	3.40	3.68	1.20	0.50	4.68	2.65	2.54	0.75	11.34	4.48	7.95
G232_04375	8.35	0.73	6.45	2.36	4.78	1.49	1.24	1.38	5.23	1.94	11.13	1.53	4.12	2.80	3.42	0.73	1.54	4.90	1.24	1.20	6.74	2.60	1.18	2.08	11.69	5.78	10.06
G232_04376	7.50	0.00	5.69	2.73	4.37	2.26	1.61	0.83	5.83	1.81	11.13	1.77	4.82	4.33	3.63	1.36	0.03	5.23	1.08	0.91	7.73	2.73	0.27	2.01	11.00	4.99	12.99
G232_04377	7.20	0.52	7.41	1.59	3.12	1.63	1.15	1.89	3.60	3.20	8.90	1.85	3.75	3.54	4.35	0.66	0.70	5.19	0.89	0.92	5.41	1.37	0.90	0.60	12.18	4.48	8.61
G232_04378	6.05	0.00	7.61	2.64	3.84	1.44	2.85	1.25	5.61	1.24	10.24	1.18	4.49	2.50	1.28	0.50	0.00	6.21	1.31	0.88	7.10	4.11	0.00	2.13	10.72	4.63	8.07
G232_04379	8.54	1.13	5.59	1.26	3.35	1.57	0.75	1.25	4.52	4.64	10.11	1.11	2.45	2.05	3.77	0.29	1.77	4.50	1.27	1.19	4.65	2.03	0.77	0.91	11.77	4.72	11.04
G232_04380	10.96	7.57	6.88	1.53	4.24	3.36	1.58	0.46	4.38	11.04	13.08	1.45	2.77	2.68	4.55	0.89	17.65	5.16	3.14	1.07	4.26	2.88	9.85	0.96	11.25	4.61	10.04
G232_04381	9.46	0.21	6.99	1.93	5.33	2.08	1.14	1.79	5.39	1.69	11.12	1.18	3.64	2.36	3.83	0.62	0.81	4.57	1.08	1.00	6.01	2.46	0.52	1.06	11.46	5.70	10.45
G232_04382	8.21	1.15	4.41	2.58	3.22	1.14	0.72	0.72	3.81	4.01	10.79	1.93	3.86	2.44	3.58	1.54	3.02	5.00	1.92	0.89	5.06	2.68	2.01	0.77	12.05	6.87	10.43
G232_04383	11.40	0.31	6.08	1.49	3.69	1.40	0.86	1.04	3.56	2.32	9.64	2.17	3.64	2.77	3.44	1.03	0.50	5.77	1.26	0.90	4.48	2.36	0.47	0.57	12.41	6.05	10.54
G232_04384	9.18	4.90	5.64	1.81	4.57	2.45	1.86	1.58	3.96	11.77	9.89	2.51	3.95	2.54	4.65	0.94	11.73	6.81	1.85	1.05	5.73	3.38	6.99	0.42	10.01	4.92	9.92
G232_04385	9.31	1.98	6.07	1.67	4.80	2.75	1.64	1.28	3.92	6.16	9.10	1.68	3.65	2.27	2.66	0.96	5.34	4.19	1.42	0.81	6.16	2.16	3.81	1.61	9.61	4.31	7.69
G232_04386	8.69	0.31	3.83	1.85	3.92	1.59	1.64	0.43	3.43	1.63	8.28	1.61	2.09	2.39	3.25	0.44	0.32	4.21	0.23	1.01	4.70	2.96	0.17	0.53	10.23	3.86	8.48
G232_04387	9.86	0.02	6.60	2.83	4.87	1.08	0.70	1.30	4.31	1.26	12.54	1.31	3.66	2.30	3.62	0.59	0.18	5.56	1.38	0.81	6.75	2.26	0.01	1.15	8.54	6.33	9.60
G232_04388	8.05	1.19	6.39	2.17	3.94	1.66	1.57	1.00	3.78	2.46	11.81	1.61	3.76	3.20	4.03	0.77	1.71	4.72	1.13	0.50	6.06	3.37	1.68	0.75	12.25	4.16	8.57
G232_04389	9.98	1.25	5.82	2.34	3.44	2.04	0.86	1.29	4.80	2.69	11.79	2.30	3.85	2.72	4.46	0.67	2.00	4.90	1.88	0.95	4.39	1.50	1.93	0.76	12.42	4.59	8.84
G232_04390	7.07	0.17	5.46	1.50	3.61	1.34	1.11	0.95	5.57	1.10	11.74	1.99	3.56	3.08	3.60	0.82	0.02	5.34	1.61	0.55	6.40	2.39	0.17	0.70	12.03	5.39	9.25
G232_04391	9.87	4.08	6.74	2.58	3.32	3.01	2.68	1.79	4.00	7.97	2.24	1.71	5.65	1.54	2.12	1.19	7.64	5.57	2.14	1.36	5.82	3.82	6.10	1.19	16.99	7.02	9.47
G232_04392	7.07	1.27	5.74	2.74	3.67	1.57	1.84	1.00	3.96	3.14	10.25	2.39	4.21	2.66	3.84	0.56	2.88	5.12	1.60	0.64	4.21	2.02	2.41	0.94	10.54	5.30	10.70
G232_04393	8.54	0.94	5.52	1.32	3.73	1.71	1.00	0.95	3.86	2.63	10.38	2.00	3.19	2.54	3.74	1.23	1.03	4.72	1.20	0.95	4.30	2.83	1.58	0.78	9.75	4.81	8.85
G232_04394	13.48	0.19	9.43	3.93	3.17	1.84	0.89	1.69	11.89	0.53	0.59	2.28	6.14	4.40	14.50	1.44	0.00	4.39	3.47	0.80	10.88	6.52	0.00	1.53	28.29	5.09	6.90
G232_04395	9.29	0.78	5.68	2.29	3.33	1.93	0.61	1.19	3.95	3.97	10.33	1.85	3.71	2.27	3.36	0.95	1.65	4.55	1.18	0.88	5.98	2.88	1.41	0.64	11.82	4.51	9.84
G232_04396	8.25	2.51	7.22	2.33	4.11	3.55	2.14	1.80	4.46	4.09	12.79	1.17	4.82	3.52	3.32	0.13	5.60	5.70	0.73	0.77	7.01	2.16	4.35	1.21	12.14	3.83	9.49
G232_04397	7.25	0.90	7.21	1.88	3.96	1.87	1.70	1.68	4.02	1.76	12.65	1.45	4.99	2.99	4.60	0.93	0.83	3.68	1.43	1.06	7.31	2.77	1.17	1.64	11.64	6.08	10.16
G232_04398	8.72	1.02	8.77	1.22	3.82	2.47	1.32	0.61	3.36	3.79	10.28	2.52	4.25	2.61	3.78	0.77	3.01	4.31	1.23	1.09	7.50	4.07	1.56	2.37	14.82	4.51	10.80
G232_04399	11.62	0.01	3.45	3.35	4.11	1.88	1.10	0.39	3.49	1.56	12.22	3.16	4.43	3.09	3.19	0.57	0.00	4.97	1.75	1.85	6.53	3.26	0.00	1.20	10.97	3.95	10.67
G232_04400	11.56	0.00	6.44	2.36	3.81	2.31	0.68	1.16	2.88	0.39	8.93	2.34	2.58	2.80	2.52	2.63	0.00	3.90	0.67	1.08	6.84	2.69	0.19	1.05	12.64	5.34	12.21
G232_04401	10.05	0.51	5.84	1.99	4.06	2.05	1.14	0.90	3.87	0.98	9.85	2.13	2.95	1.68	3.54	0.52	0.50	3.93	1.75	1.57	7.51	2.71	0.44	0.92	11.63	4.74	8.60
G232_04402	9.48	0.91	4.66	2.53	5.87	0.95	1.96	1.23	5.24	0.70	10.96	1.25	2.68	2.93	3.60	0.69	0.97	6.98	1.39	2.37	6.48	3.46	0.60	1.15	11.03	4.73	7.94
G232_04403	10.29	0.53	8.50	1.73	3.53	1.11	0.68	0.99	3.58	1.08	12.32	1.60	4.19	1.92	4.27	0.86	0.26	3.18	1.57	1.26	7.21	2.83	0.57	1.38	11.90	4.79	9.81
G232_04404	12.66	1.46	6.90	1.34	4.01	3.13	0.34	1.77	3.47	2.88	9.59	1.88	5.40	3.17	3.71	1.98	1.42	6.76	1.92	1.84	7.21	1.59	1.65	1.06	13.46	4.35	10.45
G232_04405	8.92	3.83	7.31	1.73	3.98	2.63	1.24	1.12	3.27	8.88	9.70	1.43	3.42	2.58	3.79	0.81	8.71	6.34	1.48	0.91	6.37	1.98	6.18	0.71	12.34	4.18	11.00
G232_04406	5.45	2.00	9.42	2.29	5.06	2.53	1.22	1.37	3.75	5.16	10.87	1.05	3.14	1.54	3.79	0.49	3.89	4.44	0.95	0.89	6.73	1.54	3.67	1.08	9.46	4.99	11.12
G232_04407	8.54	0.08	6.61	2.38	4.25	1.63	1.20	1.33	5.55	1.51	10.48	1.80	4.76	3.27	4.47	0.48	0.00	5.61	1.23	0.76	5.87	3.11	0.06	1.32	14.01	5.43	11.71
G232_04408	8.20	0.29	7.08	1.68	3.57	2.76	0.58	0.88	7.32	1.19	14.06	2.04	5.46	5.21	6.61	0.64	0.05	5.36	0.26	0.47	5.73	2.86	0.30	2.05	7.44	8.85	10.58
G232_04409	8.59	3.27	7.02	1.49	5.54	2.53	1.95	1.21	4.05	2.46	12.50	1.96	3.11	1.71	4.07	0.95	3.75	4.34	2.43	1.82	5.34	2.55	2.21	1.59	11.48	4.39	10.15
G232_04410	9.75	0.76	6.36	2.29	4.06	2.39	1.06	1.63	5.03	2.42	10.26	1.78	3.28	1.88	4.84	1.07	1.41	5.15	1.22	2.01	7.75	3.00	1.31	1.39	11.66	5.60	10.77
G232_04411	7.63	2.18	5.27	2.62	3.81	2.29	1.10	1.15	2.99	6.16	9.74	1.78	2.70	2.23	4.31	0.94	4.31	6.03	1.01	0.27	5.79	2.24	3.45	0.72	9.55	4.78	8.43
G232_04412	9.44	0.02	6.77	2.32	3.47	1.70	0.64	1.12	4.32	1.11	9.94	1.57	3.42	2.42	3.76	0.61	0.02	4.69	1.24	0.32	5.81	2.36	0.01	0.28	12.33	4.01	11.43
G232_04413	8.28	1.02	6.44	2.01	3.67	2.25	1.49	1.26	4.33	3.14	11.07	1.25	3.47	2.30	3.25	1.11	1.52	4.44	1.19	0.92	6.73	2.69	1.43	1.15	10.04	4.70	9.62
G232_04414	7.93	0.75	5.27	2.34	4.24	1.90	0.47	0.39	4.47	1.22	11.70	1.27	3.75	1.96	5.11	0.90	0.00	6.60	1.28	0.98	6.78	2.53	0.12	1.48	11.85	6.32	10.96
G232_04415	9.38	0.07	6.65	2.19	5.59	1.84	0.52	1.21	2.72	3.17	12.20	2.45	3.34	1.98	4.03	1.84	0.00	4.90	0.99	0.88	7.28	3.33	0.25	2.06	12.07	3.84	9.16
G232_04416	8.29	1.09	6.91	1.58	3.42	3.15	1.02	1.45	3.42	4.20	10.91	1.34	2.36	3.12	4.43	0.82	3.21	4.34	2.22	0.51	7.75	2.81	2.07	1.64	10.18	1.39	7.93
G232_04417	8.83	0.25	5.50	1.88	3.53	0.97	0.58	1.68	3.12	2.53	9.57	1.34	3.95	2.27	2.91	0.66	0.11	5.23	1.17	0.67	4.74	2.66	0.34	0.69	10.90	5.36	10.14
G232_04418	8.12	0.13	7.18	2.35	3.67	2.32	1.00	1.34	3.96	0.95	9.40	2.10	3.26	2.24	3.17	1.02	0.13	3.37	1.11	0.87	7.27	2.88	0.19	1.45	11.44	5.26	10.29
G232_04419	8.75	1.34	6.44	1.37	4.22	2.65	1.61	1.55	2.71	5.28	7.83	1.15	2.82	1.89	2.37	1.29	2.40	4.89	1.06	1.24	7.41	2.86	2.77	1.05	9.15	4.70	7.92
G232_04420	8.33	1.01	7.23	2.02	2.92	1.68	1.06	1.82	3.57	3.06	11.33	2.19	3.63	1.02	4.77	0.96	1.14	5.17	1.23	1.56	5.28	1.98	1.17	1.89	10.63	5.43	12.28
G232_04421	6.96	1.48	6.62	1.57	3.81	1.71	1.23	0.95	1.71	2.16	9.37	1.37	2.08	2.82	4.05	0.68	1.17	3.49	1.50	1.01	6.41	3.75	0.89	0.49	9.47	3.32	9.60
G232_04422	8.28	0.13	7.95	1.89	6.22	1.63	1.82	0.66	3.76	0.35	3.16	1.55	3.50	1.76	0.25	1.11	0.00	3.10	0.96	0.91	8.04	1.85	0.33	1.01	11.30	3.27	8.67
G232_04423	8.92	0.09	6.71	1.34	4.20	1.21	1.02	1.05	4.34	2.39	12.39	2.04	3.69	2.55	2.75	0.50	0.11	4.92	0.81	1.19	5.71	2.29	0.25	0.74	12.18	5.42	9.69
G232_04424	8.83	0.87	5.22	3.08	3.60	2.07	1.13	0.94	4.20	4.69	10.53	1.34	3.51	1.97	4.78	1.24	2.62	3.45	0.50	1.04	6.65	2.79	2.34	0.99	11.05	4.41	9.81
G232_04425	9.77	0.03	8.48	2.38	5.38	2.05	2.03	1.88	4.84	1.50	8.09	2.21	4.18	2.35	2.32	1.10	0.00	5.73	1.33	0.90	8.63	2.75	0.06	1.09	11.57	5.93	9.43
G232_04426	10.82	0.90	7.13	1.55	4.64	1.19	0.77	1.53	4.79	3.37	12.26	1.97	4.96	3.15	3.93	1.29	0.78	5.27	1.60	1.18	6.51	2.44	0.67	0.77	11.43	6.53	9.69
G232_04427	7.06	0.19	5.87	2.75	5.22	1.91	1.12	1.58	4.42	1.94	12.12	1.59	4.75	1.32	3.94	1.23	0.00	5.31	1.68	1.17	5.52	3.90	0.25	0.62	9.58	5.54	9.94
G232_04428	8.69	3.55	6.80	2.31	3.02	2.46	1.74	1.60	3.22	9.33	11.57	1.46	3.23	2.26	3.77	0.84	9.83	4.88	1.39	1.27	5.93	2.36	5.91	0.85	9.79	4.03	9.73
G232_04429	6.87	8.08	4.10	2.69	2.62	3.66	1.17	0.49	4.22	9.05	11.27	2.85	4.38	3.73	3.94	0.81	15.17	5.16	2.11	0.96	6.18	2.81	9.32	1.28	11.66	5.59	9.03
G232_04430	6.87	2.00	5.80	3.92	3.86	1.39	2.07	0.64	4.54	6.84	12.42	2.50	6.21	4.43	4.24	0.56	3.24	4.78	0.32	1.31	5.94	2.08	2.50	0.70	9.88	6.84	10.85
G232_04431	5.90	0.00	6.22	2.12	3.95	1.70	0.00	0.99	4.45	0.71	0.00	2.12	4.23	3.09	0.55	0.70	0.21	5.16	1.55	0.76	6.37	3.33	0.11	1.39	9.74	5.30	8.48
G232_04432	5.78	21.11	7.42	5.42	2.95	9.51	4.44	2.56	5.16	31.63	0.00	0.45	6.99	1.26	0.78	2.90	36.55	5.27	2.93	1.69	7.79	1.94	30.41	1.56	12.32	8.85	11.70
G232_04433	8.72	0.84	7.32	1.39	5.30	2.31	0.90	1.18	2.87	1.95	8.55	1.19	2.67	1.44	0.64	0.75	1.27	3.65	1.87	0.42	7.30	2.65	1.15	0.52	10.00	4.80	8.58
G232_04434	8.26	1.31	6.95	1.63	4.36	1.28	1.06	1.58	3.65	4.29	10.64	1.55	3.58	2.04	4.20	1.14	3.26	4.90	1.03	1.05	6.25	2.33	2.59	0.94	10.24	5.54	10.43
G232_04435	7.96	1.09	6.94	1.45	3.77	1.57	1.04	1.53	5.00	2.68	12.73	1.92	3.98	2.65	3.83	0.63	1.12	5.86	1.65	1.24	6.61	2.36	0.96	0.89	11.99	6.17	10.19
G232_04436	7.22	0.43	7.47	1.63	4.00	2.26	1.67	1.64	4.22	2.07	10.82	1.69	4.56	2.97	4.93	1.10	0.62	4.66	1.61	1.21	6.90	2.32	0.64	1.19	10.84	6.31	9.89
G232_04437	8.06	0.37	6.43	2.06	4.65	2.03	0.94	1.43	4.15	3.07	11.40	2.56	3.66	3.21	4.10	1.29	0.51	4.89	1.36	0.75	8.33	2.60	0.60	1.53	10.50	4.24	7.88
G232_04438	7.04	0.17	5.09	2.89	3.80	1.70	1.05	0.89	5.51	2.61	10.64	1.51	3.49	1.95	3.80	0.85	0.10	4.89	1.00	0.71	5.57	2.27	0.12	0.95	10.40	6.03	9.77
G232_04439	9.00	11.23	6.55	2.62	3.12	3.31	2.66	0.45	5.50	18.12	10.18	1.71	4.94	3.54	5.09	1.63	21.67	7.30	1.45	1.27	5.96	3.09	14.14	0.61	9.38	5.19	10.02
G232_04440	10.36	1.07	6.81	1.73	3.75	1.84	1.28	1.47	3.99	3.16	10.27	2.02	3.24	3.45	4.84	1.01	1.63	4.77	1.35	1.02	6.05	2.31	1.55	1.02	11.92	5.24	11.06
G232_04441	7.05	4.08	4.78	2.44	4.88	2.49	1.97	1.14	4.30	8.69	8.36	1.06	3.53	2.65	3.77	0.54	8.00	5.38	1.77	1.39	6.82	2.43	6.20	1.13	8.34	5.78	7.52
G232_04442	7.10	2.35	4.57	1.47	5.01	2.93	1.96	0.74	3.79	4.35	11.63	2.80	3.14	3.59	2.19	0.86	5.34	4.84	0.14	0.63	6.96	2.11	3.17	1.27	8.90	4.78	7.90
G232_04443	8.25	1.60	6.73	3.32	4.08	1.73	1.65	1.66	4.15	3.08	9.31	2.34	2.90	3.31	3.83	0.49	2.38	5.36	1.20	0.60	6.14	4.32	1.88	1.59	11.27	4.86	10.57
G232_04444	8.36	3.28	6.97	1.94	3.96	2.76	1.85	1.26	3.55	7.68	11.45	1.68	4.42	2.28	3.36	0.64	10.48	3.79	1.11	0.96	5.97	1.54	6.16	0.57	10.80	4.55	10.68
G232_04445	9.21	0.46	7.38	1.88	4.18	1.35	0.99	1.05	4.18	2.17	10.95	1.54	4.05	2.86	5.09	1.03	0.87	5.48	1.42	0.94	6.09	2.54	0.63	1.05	12.32	5.17	9.66
G232_04446	8.79	0.12	7.44	2.37	3.69	1.59	0.32	0.18	4.38	2.75	16.66	2.83	4.56	3.67	5.79	0.71	0.80	6.30	0.70	0.49	4.74	2.03	0.93	0.90	12.91	5.97	11.24
G232_04447	7.18	1.61	5.98	2.17	3.04	2.26	0.99	0.70	4.14	3.55	10.81	1.64	4.01	2.53	4.19	0.66	3.32	6.76	1.50	0.71	4.93	2.23	2.40	0.62	10.29	5.23	10.30
G232_04448	7.91	0.07	6.56	2.58	4.10	1.39	1.41	1.19	4.43	1.50	10.51	1.78	4.05	2.39	4.88	0.93	0.10	4.54	1.66	1.08	6.86	2.40	0.13	1.16	9.85	5.26	11.94
G232_04449	8.00	1.12	6.83	1.72	4.15	1.13	1.14	1.01	4.85	4.01	11.31	1.60	4.59	1.70	4.10	0.47	1.80	3.82	1.33	0.80	5.40	2.33	1.57	0.82	11.04	3.99	11.01
G232_04450	9.46	0.00	5.96	3.68	4.71	1.73	0.94	0.84	3.59	0.46	8.37	1.64	4.11	2.02	2.97	0.26	0.00	2.53	1.50	0.74	5.25	2.04	0.00	0.33	11.01	4.50	11.07
G232_04451	9.81	0.40	5.29	3.17	3.83	1.91	0.80	1.34	6.21	3.32	11.35	2.31	4.20	2.53	4.27	0.62	0.48	4.37	1.35	0.67	7.74	3.07	0.47	0.79	11.46	5.84	10.35
G232_04452	8.89	0.25	6.44	2.64	4.30	1.57	1.09	1.10	3.39	2.51	9.19	1.51	5.18	2.27	3.45	0.72	0.09	5.56	1.35	0.82	5.82	3.81	0.19	1.15	11.01	5.78	9.70
G232_04453	11.68	4.05	3.32	2.50	2.67	2.48	2.46	0.39	5.47	5.94	15.43	1.69	4.64	2.98	4.26	0.71	6.34	4.31	1.44	0.17	4.54	1.82	3.33	2.05	11.13	7.33	14.80
G232_04454	8.88	0.87	7.31	2.00	3.41	1.51	1.17	1.19	4.64	2.37	12.39	1.96	4.58	2.69	4.07	1.08	1.23	4.95	1.39	0.79	7.09	2.59	1.44	0.73	12.22	5.46	10.19
G232_04455	10.56	1.08	6.94	2.22	3.67	2.07	1.80	1.28	4.44	4.32	11.88	1.82	3.76	2.91	3.97	0.89	2.87	4.70	1.30	0.99	6.54	3.37	2.23	0.64	11.99	5.83	10.51
G232_04456	9.58	1.38	8.04	1.83	3.50	1.87	1.08	1.46	4.96	3.97	12.03	1.58	3.51	2.32	4.10	0.83	2.41	4.81	1.59	1.01	6.38	2.89	1.79	0.61	11.90	5.18	10.30
G232_04457	7.83	0.00	5.70	1.49	3.49	0.36	1.22	0.83	3.65	0.00	0.00	1.24	2.73	1.08	0.00	0.36	0.00	3.91	2.59	1.86	4.64	1.56	0.00	0.44	14.86	2.36	6.21
G232_04458	9.07	2.75	6.09	2.25	5.28	2.20	2.10	1.36	5.34	6.53	12.93	2.25	3.80	2.86	3.83	0.71	5.32	5.63	1.19	0.98	7.01	2.49	3.78	1.63	11.90	5.47	10.04
G232_04459	8.09	1.37	6.20	2.18	3.96	1.61	1.31	1.26	3.88	3.63	10.81	1.46	3.92	2.51	4.02	0.91	3.00	5.18	1.38	0.95	7.51	2.51	2.22	1.21	10.01	4.68	9.25
G232_04460	7.57	2.66	6.74	1.47	3.76	2.90	1.77	0.85	4.16	7.43	11.43	2.11	4.89	2.33	5.07	0.66	6.03	6.08	2.27	0.78	5.54	3.85	4.88	1.49	11.35	5.08	12.05
G232_04461	7.34	0.00	5.39	1.63	1.86	2.31	0.83	0.28	2.43	2.07	7.46	0.97	4.03	2.18	3.66	0.55	0.00	5.09	0.44	0.84	5.74	1.64	0.00	0.37	11.90	3.69	9.10
G232_04462	9.91	0.42	6.85	1.36	3.64	1.68	0.80	1.25	3.59	2.91	8.96	1.70	3.76	1.78	2.86	0.95	0.90	4.33	1.46	0.75	4.62	2.58	0.63	1.19	10.95	5.06	8.85
G232_04463	11.39	0.87	6.14	2.32	3.06	1.33	0.47	1.21	4.22	2.20	8.15	1.81	3.95	2.39	2.75	0.72	0.89	5.83	1.47	0.40	5.96	2.79	0.58	0.94	9.42	5.64	9.25
G232_04464	7.27	0.38	5.44	2.65	3.61	0.97	0.94	1.02	5.79	0.13	11.53	1.70	3.36	2.85	3.69	1.17	0.00	6.18	1.52	0.81	5.23	3.71	0.42	0.68	8.63	4.64	5.61
G232_04465	7.29	0.18	5.69	2.31	4.34	1.13	1.58	1.31	3.78	1.18	10.11	1.31	3.84	2.23	1.95	0.72	0.48	3.62	1.05	1.33	7.46	3.50	1.01	0.65	9.76	5.68	8.14
G232_04466	9.68	0.45	5.56	1.73	4.30	0.98	0.75	1.11	3.51	2.44	9.75	1.79	3.45	2.39	2.42	0.39	0.16	4.39	1.41	0.75	4.82	3.16	0.23	0.40	10.92	3.95	9.09
G232_04467	0.00	16.00	5.04	0.23	0.05	7.04	0.18	1.63	4.84	26.34	6.26	1.77	0.00	0.19	0.94	0.76	33.16	1.87	1.17	1.92	8.89	0.23	23.36	0.66	0.00	0.12	0.08
G232_04468	7.94	0.51	6.04	2.26	3.93	1.87	1.46	1.99	3.80	2.52	10.92	2.08	3.56	2.97	6.19	1.16	0.61	3.78	1.57	1.31	6.80	2.30	0.43	0.93	12.29	4.39	9.66
G232_04469	7.02	0.07	5.70	2.41	3.73	1.76	1.29	1.27	3.93	0.71	6.35	1.48	4.49	2.18	0.96	0.86	0.10	5.06	1.49	1.00	8.25	2.76	0.14	1.07	10.15	3.90	8.20
G232_04470	8.48	0.86	6.33	2.07	3.70	2.13	1.83	1.03	3.80	3.20	10.03	1.59	3.10	2.43	3.70	0.84	1.79	4.78	1.18	1.18	7.49	2.58	1.73	1.44	10.58	4.98	8.60
G232_04471	9.87	1.01	5.79	1.86	3.69	1.37	0.82	1.37	4.07	4.23	12.32	1.86	3.71	2.92	3.41	0.76	2.00	4.51	1.38	0.68	4.97	2.41	1.53	0.75	12.62	4.79	11.82
G232_04472	7.50	2.71	5.38	2.29	3.45	2.61	2.20	0.80	3.24	4.72	10.39	1.03	3.28	2.47	4.34	1.15	5.28	5.29	1.49	0.76	5.88	1.81	3.62	1.19	9.74	3.93	7.91
G232_04473	10.28	0.47	6.80	2.28	3.94	1.48	1.63	1.38	3.54	1.73	10.02	1.64	2.74	1.77	3.09	1.18	1.06	4.51	0.44	0.92	8.48	3.42	0.68	1.36	10.84	4.96	8.50
G232_04474	5.62	0.00	5.38	1.91	3.21	1.58	1.01	0.79	4.58	1.45	11.66	2.48	5.60	3.72	3.09	0.91	0.00	7.03	1.78	1.14	4.83	2.85	0.00	1.13	11.93	7.77	12.18
G232_04475	6.43	1.57	5.83	1.68	3.24	1.98	1.40	0.93	4.64	3.92	9.24	1.92	3.13	3.51	3.63	0.24	2.96	5.53	1.53	1.05	6.25	1.61	1.65	1.61	9.15	4.16	9.85
G232_04476	6.43	1.90	5.69	1.92	4.42	2.04	1.75	0.82	4.33	4.00	11.35	2.39	3.41	2.36	3.21	0.63	7.51	5.74	1.58	0.50	5.35	1.79	4.05	1.42	10.96	6.53	11.71
G232_04477	7.33	0.05	4.61	1.33	3.92	1.53	1.36	0.00	7.32	1.92	11.99	3.22	6.55	3.52	1.49	0.55	0.00	7.08	1.66	1.43	7.35	3.06	0.05	2.28	13.88	7.51	13.13
G232_04478	9.58	0.56	5.45	1.24	2.99	1.50	0.75	1.38	4.32	1.91	14.23	2.12	3.88	2.39	3.48	0.63	0.71	6.57	1.60	1.26	7.77	1.92	0.47	0.59	10.41	4.73	11.22
G232_04479	9.31	0.50	6.43	2.24	3.96	2.07	1.27	1.69	4.12	2.66	9.92	1.98	3.87	2.33	1.85	0.93	0.85	4.38	1.37	0.89	6.56	2.84	0.52	0.88	11.17	4.47	10.24
G232_04480	8.07	0.05	4.34	2.00	3.02	1.62	0.66	1.34	2.97	1.84	7.09	2.18	3.06	1.72	1.63	0.44	0.00	3.86	0.72	0.83	4.79	2.22	0.05	1.06	8.36	4.46	8.40
G232_04481	9.66	4.76	5.75	2.04	4.08	3.22	1.57	1.51	4.12	11.23	9.60	1.95	3.27	2.49	4.26	1.25	12.05	5.16	1.99	0.88	5.26	3.05	7.88	0.86	11.48	4.67	10.77
G232_04482	6.76	0.27	7.67	3.03	3.23	1.74	0.70	1.51	3.78	1.19	8.98	2.22	2.03	2.00	4.95	0.28	0.22	4.09	2.00	0.83	4.82	2.28	0.06	1.24	9.86	6.32	10.78
G232_04483	6.43	3.32	5.81	1.83	3.75	3.13	1.36	1.12	4.48	7.27	9.94	2.98	2.92	1.50	3.48	1.44	8.66	5.20	1.06	0.83	4.80	1.92	4.90	2.06	10.02	6.23	11.80
G232_04484	6.85	0.52	5.79	1.82	3.01	1.60	1.04	1.13	3.39	1.92	9.95	1.97	4.22	2.15	4.20	0.46	0.73	5.51	0.81	0.89	7.52	2.78	0.58	1.62	9.50	5.88	9.12
G232_04485	8.67	1.08	5.79	2.06	4.17	1.58	1.37	1.27	4.31	3.78	10.01	1.83	4.04	2.31	2.72	0.68	2.35	4.93	0.99	0.93	5.42	2.23	2.16	0.90	11.25	4.31	9.13
G232_04486	10.24	0.19	7.33	1.10	5.28	1.30	0.45	1.90	7.45	2.27	0.58	1.76	4.45	5.37	11.70	0.60	0.00	7.58	2.56	0.96	6.70	5.39	0.03	0.41	24.11	4.70	16.81
G232_04487	21.58	0.17	9.08	5.87	9.30	3.29	3.09	2.49	12.31	4.40	26.75	5.41	9.60	5.88	2.65	1.18	0.00	11.45	2.78	2.23	15.79	4.75	0.18	3.03	21.85	13.95	23.04
G232_04488	28.24	0.00	21.54	8.03	15.87	8.05	5.31	6.10	24.10	4.81	7.17	9.89	16.46	11.24	7.14	2.62	0.08	22.24	5.91	3.48	30.79	11.53	0.24	4.15	47.13	19.69	34.49
G232_04489	156.63	0.96	64.95	27.34	55.74	18.88	20.31	22.05	81.62	9.47	0.05	37.85	76.31	18.01	0.71	9.09	0.65	42.82	20.31	11.46	107.04	42.88	0.69	12.90	179.62	85.90	81.23
G232_04490	6.31	0.07	6.09	2.41	4.84	1.42	1.02	2.32	5.76	1.72	1.34	2.39	3.87	2.43	2.88	1.02	0.00	5.87	1.47	0.73	5.71	2.53	0.27	1.18	12.63	6.83	9.98
G232_04491	11.83	0.05	9.75	3.16	7.10	1.46	1.81	3.04	5.82	0.12	0.00	2.92	5.54	3.01	0.49	0.64	0.00	7.03	3.74	1.18	8.11	4.48	0.06	1.80	20.24	7.40	13.14
G232_04492	13.42	0.00	7.20	2.12	5.60	1.02	0.94	1.41	2.25	1.14	0.00	1.85	4.09	1.33	1.20	1.89	0.00	3.47	0.56	1.18	5.47	3.56	0.00	1.30	11.80	4.53	10.19
G232_04493	8.76	0.30	5.85	2.16	3.45	1.45	0.80	1.36	3.47	1.83	6.77	1.48	3.54	1.80	2.31	0.58	0.29	3.81	1.27	0.73	5.44	3.03	0.27	0.60	11.04	4.56	8.43
