GENE	Rstd	SM102	SM104	SM105	SM108	SM109	SM11	SM122	SM13	SM14	SM18	SM24	SM27	SM28	SM29	SM35	SM36	SM42	SM48	SM57	SM66	SM67	SM72	SM74	SM84	SM9	SM91
G232_02624	7.65	2.22	6.33	1.28	4.10	1.57	1.99	1.63	3.45	6.51	9.17	1.72	3.07	1.54	3.62	0.35	4.78	3.97	0.78	0.92	5.74	2.80	3.55	1.14	11.02	4.28	7.97
G232_02625	8.21	10.47	5.42	1.95	6.25	4.82	3.26	1.68	4.16	14.98	10.62	1.79	4.09	2.86	3.77	1.46	24.67	7.66	1.95	1.59	5.24	3.20	15.73	1.40	13.05	5.95	10.26
G232_02626	9.00	0.11	5.89	3.00	4.60	1.20	0.80	0.93	4.77	2.23	9.05	1.50	3.66	3.26	3.08	0.72	0.05	5.29	0.42	1.36	6.69	2.66	0.07	0.78	12.79	4.15	10.18
G232_02627	7.24	0.81	5.93	1.22	3.75	1.86	1.25	1.29	4.06	2.85	7.78	1.25	2.49	1.77	3.86	0.74	1.33	4.46	1.10	0.84	5.96	2.37	1.29	1.00	9.48	4.34	8.21
G232_02628	7.97	1.03	6.95	2.38	3.12	2.31	1.63	1.13	4.89	3.10	9.17	1.67	4.19	2.26	3.85	0.59	1.72	4.23	1.34	0.85	6.98	2.80	1.43	1.28	10.82	5.48	9.52
G232_02629	9.39	3.26	6.61	1.42	4.00	2.13	1.45	1.07	5.18	4.28	13.93	1.99	4.14	1.72	4.42	0.96	6.35	5.91	1.28	1.30	6.30	3.04	3.39	1.33	11.50	5.13	10.67
G232_02630	7.81	0.71	6.62	2.08	4.58	2.53	1.30	0.64	3.48	1.51	10.32	1.83	4.12	1.84	4.67	0.49	2.59	2.52	0.81	1.93	7.12	2.29	1.34	1.43	9.50	4.80	8.06
G232_02631	6.20	9.40	5.82	1.50	2.61	3.68	3.08	1.77	4.67	16.39	10.80	1.88	3.53	1.59	4.29	1.59	22.62	4.50	2.13	1.47	5.04	2.98	16.31	1.39	9.31	5.29	7.78
G232_02632	7.84	1.78	5.66	2.17	4.06	2.38	1.15	1.37	4.61	4.49	9.67	1.82	3.83	2.43	3.93	1.09	3.84	3.96	1.48	0.89	6.01	2.42	2.83	1.01	11.94	4.66	10.48
G232_02633	9.48	0.13	6.81	2.18	3.92	1.63	1.12	1.80	4.78	1.66	0.39	1.46	3.91	2.44	3.82	0.86	0.05	5.96	0.61	1.10	6.77	2.19	0.10	1.54	11.62	4.19	10.70
G232_02634	7.08	0.34	5.62	2.31	4.18	1.60	1.96	2.39	4.10	1.72	3.20	1.47	4.09	2.57	0.07	1.02	0.00	4.39	1.32	0.95	6.07	3.20	0.16	0.74	13.93	8.08	9.48
G232_02635	6.87	0.21	4.64	2.15	3.82	1.52	1.45	1.26	5.43	2.02	11.86	2.25	4.35	2.95	2.37	0.54	0.22	4.65	1.69	1.25	5.29	1.84	0.19	1.27	10.36	6.07	10.29
G232_02636	6.93	1.66	4.99	1.51	3.90	1.45	1.47	0.88	3.39	1.72	8.50	1.86	2.35	1.63	3.85	0.44	3.07	4.52	1.80	0.88	5.90	2.36	2.12	0.65	9.57	2.85	7.81
G232_02637	8.10	3.32	5.43	1.65	5.09	2.36	2.43	0.75	3.53	5.94	9.65	1.95	2.23	2.85	4.35	0.76	5.42	4.45	1.23	1.24	5.66	2.03	5.54	0.93	9.45	4.23	10.36
G232_02638	6.53	0.19	4.49	1.40	3.93	1.66	0.96	1.00	3.93	1.70	9.17	1.26	2.21	2.08	4.07	1.70	0.40	5.49	0.66	0.63	8.22	1.63	0.22	0.51	9.05	3.60	9.95
G232_02639	6.80	0.52	5.75	1.75	3.78	1.06	1.15	1.59	3.32	1.79	9.01	1.14	2.37	2.21	2.55	0.93	0.47	4.00	1.63	0.64	7.04	2.04	0.63	0.95	9.50	3.52	8.79
G232_02640	9.01	0.14	5.07	2.50	4.64	1.84	0.75	1.63	4.86	2.53	8.37	2.65	4.95	2.70	4.32	0.59	0.02	4.42	1.04	0.96	9.05	3.38	0.05	1.13	9.77	4.68	6.95
G232_02641	6.94	0.58	6.46	4.10	5.12	2.19	1.45	1.93	5.73	1.55	10.48	2.21	7.80	3.45	8.45	1.71	0.17	4.02	2.37	0.40	6.35	7.12	0.57	1.15	29.00	7.22	10.14
G232_02642	8.31	0.00	5.56	2.84	4.42	1.46	1.88	1.45	4.81	1.32	4.67	1.93	4.18	2.12	2.89	0.73	0.18	4.11	1.12	0.57	6.29	3.69	0.00	1.40	11.83	4.77	8.91
G232_02643	6.61	3.27	5.78	1.96	5.67	2.51	2.84	2.08	3.04	6.85	12.25	2.12	4.33	2.90	4.43	1.32	6.62	4.65	1.18	0.57	7.37	2.32	4.63	1.08	11.53	6.42	9.93
G232_02644	6.46	0.00	5.19	1.76	3.95	0.36	0.72	1.51	3.45	1.48	1.29	1.86	3.29	2.31	1.81	0.25	0.00	4.66	0.86	0.85	4.87	3.69	0.25	0.38	13.81	3.81	10.03
G232_02645	9.06	2.01	6.27	1.92	3.25	2.93	1.38	1.87	4.68	3.71	8.21	1.49	2.98	1.98	3.60	0.54	2.80	4.07	1.78	1.01	5.35	2.85	2.04	1.43	10.09	4.59	9.51
G232_02646	9.42	0.10	4.73	2.28	3.08	1.81	1.02	1.32	5.07	1.36	10.71	1.13	3.59	2.41	4.32	0.57	0.00	4.35	1.13	1.03	4.82	2.91	0.09	0.84	11.16	4.47	9.97
G232_02647	9.38	0.25	6.69	1.84	4.56	1.65	1.24	1.21	3.12	1.66	10.53	1.24	2.85	1.78	4.04	1.20	0.39	3.08	0.84	0.33	4.94	2.03	0.20	1.49	9.72	4.37	8.99
G232_02648	3.31	8.81	6.70	0.92	3.89	3.50	1.99	0.21	2.77	11.56	7.24	0.88	1.34	1.57	1.76	1.04	14.61	5.70	2.03	2.06	5.25	3.26	10.69	0.91	8.45	2.97	10.32
G232_02649	6.58	0.27	3.55	2.25	3.10	1.29	0.97	0.96	3.68	2.09	10.62	1.55	2.49	2.13	3.70	1.03	0.08	5.43	1.32	0.39	3.98	3.21	0.20	1.03	9.29	3.62	11.05
G232_02650	5.83	2.08	5.57	1.04	5.32	1.11	1.17	0.77	4.52	6.63	7.12	0.76	2.47	3.04	3.32	1.76	3.61	5.06	0.96	0.75	4.63	3.68	3.08	1.62	5.48	5.17	9.97
G232_02651	9.46	1.29	3.87	0.91	4.44	2.36	1.06	0.94	4.62	6.72	12.41	1.91	3.36	2.22	3.31	0.76	2.09	5.53	0.69	1.44	6.08	2.63	2.24	0.51	10.96	7.05	8.96
