GENE	Rstd	SM102	SM104	SM105	SM108	SM109	SM11	SM122	SM13	SM14	SM18	SM24	SM27	SM28	SM29	SM35	SM36	SM42	SM48	SM57	SM66	SM67	SM72	SM74	SM84	SM9	SM91
G232_05316	4.58	4.41	2.57	0.63	2.26	2.20	0.37	0.59	1.79	9.06	3.44	0.16	1.07	0.76	1.87	0.62	7.72	2.73	1.16	0.63	3.58	2.70	5.84	0.66	4.95	2.33	3.01
G232_05317	5.23	0.00	4.33	1.31	2.42	1.06	0.76	1.07	2.72	1.06	6.36	1.13	3.44	1.89	1.86	0.19	0.13	3.10	0.77	0.80	4.24	1.66	0.20	0.22	5.66	3.21	7.12
G232_05318	10.26	1.56	6.27	1.97	3.89	1.65	1.22	1.36	4.43	4.60	10.45	2.01	3.43	2.59	4.39	1.04	3.20	5.99	1.55	0.70	5.98	2.83	2.14	0.91	11.72	5.36	10.75
G232_05319	7.93	3.04	5.44	1.66	2.68	2.18	1.22	1.12	4.72	6.13	12.30	1.86	4.69	2.38	4.51	0.99	5.45	5.63	1.54	0.94	5.42	2.45	4.22	0.71	11.49	5.64	8.84
G232_05320	6.55	0.41	6.56	1.76	3.44	1.29	1.02	1.81	2.87	2.46	10.77	1.83	3.80	3.04	4.30	0.58	0.16	4.04	1.16	1.21	5.83	2.51	0.37	0.55	8.81	4.34	9.04
G232_05321	7.69	0.47	5.97	2.10	3.71	1.52	0.75	1.92	3.07	2.48	9.50	1.90	3.63	1.95	4.48	0.63	0.32	3.02	1.29	0.80	4.76	3.10	0.52	0.83	12.57	4.80	8.17
G232_05322	8.84	0.14	6.15	1.26	4.01	1.75	0.65	1.70	4.46	2.19	10.20	1.65	5.03	2.20	3.55	0.69	0.56	4.65	1.17	0.37	4.55	3.50	0.57	1.11	11.11	5.30	11.38
G232_05323	6.78	0.78	6.77	1.44	4.42	1.72	1.51	0.59	2.63	3.12	8.34	1.66	2.94	2.80	2.78	1.12	1.95	3.48	1.15	0.75	6.90	1.68	1.77	1.71	9.87	4.93	6.53
G232_05324	7.86	1.76	7.44	1.95	4.94	1.78	1.30	1.67	2.68	3.76	11.74	1.28	2.83	2.69	3.49	0.32	2.42	3.85	1.23	1.47	5.35	2.04	2.51	1.71	11.38	4.33	9.59
