GENE	Rstd	SM102	SM104	SM105	SM108	SM109	SM11	SM122	SM13	SM14	SM18	SM24	SM27	SM28	SM29	SM35	SM36	SM42	SM48	SM57	SM66	SM67	SM72	SM74	SM84	SM9	SM91
G232_10206	0.9306	0.1259	0.6774	0.5875	0.4004	0.6217	0.7169	0.3576	0.7728	0.2903	1.2996	0.8991	1.1571	1.1357	0.1404	0.1905	0.0000	1.1725	1.2727	0.1681	0.8116	1.1201	0.0000	0.3813	0.7666	0.9008	0.9167
G232_10207	0.8662	1.0979	0.9530	0.7237	0.7842	0.7783	0.8253	0.8411	0.8641	0.8629	1.0987	0.5482	0.9979	0.9429	1.0000	0.3429	1.2646	0.8292	0.9091	0.8655	0.9458	0.9156	1.1872	0.6978	0.8337	0.7008	0.9008
G232_10208	0.8127	0.1888	0.9503	0.5603	0.5498	0.2739	0.0964	0.5430	0.6233	0.3199	1.3520	0.6447	0.6624	0.4750	1.2515	0.2762	0.2296	0.5123	0.8485	0.6387	0.7419	1.1071	0.1872	0.7986	0.5835	0.7136	0.9229
G232_10209	0.9693	0.0769	0.8723	0.9961	0.7946	0.8000	1.2048	0.7417	0.5631	0.3199	1.0451	0.7105	0.6964	0.5000	0.8450	0.9810	0.0117	0.6831	0.3697	0.5714	1.1174	0.8474	0.0788	1.1511	0.6537	0.7952	0.7662
G232_10210	0.9970	0.3986	0.8562	0.8093	0.9191	0.5826	0.8916	1.0927	0.6893	0.7016	1.2631	0.7149	0.7728	0.8964	1.1842	0.7524	0.4669	0.8856	0.7273	0.6387	0.8542	0.9318	0.5074	0.5180	0.9314	0.7984	0.9610
G232_10211	0.7116	0.6084	0.8763	0.7160	0.9647	0.6522	0.7229	0.8146	0.7767	1.1640	1.2643	0.7588	0.8556	0.7357	1.1462	1.2476	1.5953	0.7835	1.2727	1.1681	0.6942	0.5682	1.0148	0.5899	1.0359	0.8800	0.9389
G232_10212	0.8801	0.2587	0.8817	0.7860	0.7448	0.6913	0.8193	1.3179	0.8000	0.4973	1.1888	0.7325	0.7155	0.6929	1.0614	0.9619	0.2996	0.7271	0.8364	0.7395	0.8529	0.9675	0.2660	0.7266	0.9352	0.8272	0.8716
G232_10213	1.0426	0.6294	0.5565	1.2451	0.8320	0.5435	0.7108	1.0662	0.9010	0.9489	1.4385	0.6579	0.7516	0.9286	1.4942	0.9714	0.7626	0.8345	0.7091	0.5630	0.9148	1.1429	0.8916	0.6115	0.8558	1.0176	0.8397
G232_10214	0.7899	0.2238	0.8280	0.6576	0.3672	0.9217	0.7470	0.9536	1.0194	0.8522	1.9756	0.5965	1.3397	1.3071	1.4240	0.6571	0.0272	1.5053	1.3091	0.8824	0.7652	0.6494	0.0246	0.8129	0.9992	1.1328	1.0434
G232_10215	0.8722	0.8671	0.7675	0.8444	0.4917	1.4478	0.8614	0.5894	0.8485	0.8306	1.5798	1.0789	0.9002	0.9143	1.4444	0.6476	0.8132	0.8609	1.0364	1.0168	0.8361	0.6948	1.0000	1.0576	1.0671	0.9056	0.8450
G232_10216	1.0753	2.0699	0.8320	0.8560	0.8527	1.5826	1.5723	1.0000	0.6777	2.3387	1.4543	0.6096	0.7516	0.9250	1.4298	1.2476	2.3424	0.7553	0.4424	1.6891	0.8477	0.9318	2.4138	0.5252	0.9436	0.7760	0.8671
G232_10217	0.9832	2.5315	1.0148	0.8988	0.8589	0.9000	1.0301	1.0199	0.6913	1.9839	1.1218	0.3465	0.6539	0.8143	0.9708	0.7333	3.2957	0.8908	1.1394	0.5798	0.5716	0.8506	2.5320	0.5396	0.7857	0.7600	0.7387
G232_10218	0.6204	0.8112	0.6478	0.8988	0.4585	0.4870	0.5904	0.6887	0.6932	0.6989	1.3179	0.6754	1.0212	0.7964	1.3626	1.2000	1.3113	0.8504	0.3697	0.4874	0.7058	0.5714	1.0591	0.3741	0.7788	0.7440	0.8291
G232_10219	0.9445	0.3636	0.6626	0.5953	0.5394	1.0087	0.4940	0.5166	0.9553	0.7527	2.0305	0.8947	0.9342	1.0929	1.1316	1.1810	0.2023	1.1004	0.9455	1.1008	0.7742	1.0487	0.0591	0.3525	0.8963	1.0352	0.9460
G232_10220	1.1110	0.0979	0.9489	1.0545	1.0124	1.1217	1.2169	0.8742	0.9243	0.1909	0.0000	1.1667	1.0870	1.1143	1.4678	1.3619	0.0000	0.8327	0.9394	1.8824	1.1019	0.7305	0.1379	0.9568	1.0816	0.8448	0.9548
G232_10221	0.6402	0.0490	0.7379	0.8755	0.8755	0.6217	0.8976	1.4371	0.8136	0.4355	0.7661	0.7412	0.6561	0.8643	0.8275	1.2286	0.0817	0.7623	0.7455	0.8487	0.9871	0.8571	0.0739	0.6331	0.7963	0.7616	0.7467
G232_10222	0.7175	0.6014	0.3226	0.6576	0.6369	0.8522	0.6747	0.5828	0.9689	0.5269	1.3350	0.8860	0.6582	0.8500	1.4708	0.9333	0.5953	0.8327	0.4970	0.1429	0.5806	0.3961	0.7143	0.2806	0.7048	0.8224	0.8069
G232_10223	0.7800	0.2308	0.7124	0.9494	0.8257	0.8435	0.4880	1.0596	0.9049	0.5591	1.2948	0.9254	0.9278	0.8036	1.0994	0.6571	0.2996	0.7271	0.9152	0.3613	0.7252	0.5747	0.3498	0.6403	0.7780	0.7120	0.8618
G232_10224	0.7651	1.6014	0.9798	0.4591	0.6017	1.1739	1.5602	1.2649	0.6893	1.6371	1.4616	0.8465	0.6348	0.7179	0.8187	0.9429	1.2529	0.9842	0.8424	1.0672	0.8142	0.7175	1.7488	0.4460	0.7292	0.8496	1.0363
G232_10225	0.9138	1.9650	0.6452	0.5720	0.6349	1.8174	0.2831	0.9205	1.4427	2.0860	1.4105	0.8114	0.9469	1.2464	1.3275	0.8190	1.6381	1.2676	1.7394	1.7647	0.9148	0.7532	2.0690	2.3525	0.7330	0.7264	1.0744
G232_10226	0.8920	1.3077	0.8199	0.7626	0.6224	0.8913	1.4458	0.8212	0.8796	1.0296	1.2655	0.7281	0.7686	0.9536	1.2047	0.1524	1.8872	1.0581	0.5576	0.9160	0.9523	0.8571	1.4138	1.1367	0.7445	0.6272	0.8113
G232_10227	0.7879	0.2238	0.8871	0.7198	0.5104	0.8087	0.5060	1.3576	0.9126	0.7473	1.2034	0.6096	0.6582	0.7571	1.1053	1.2952	0.1868	0.8028	1.1273	1.0504	0.8348	0.5584	0.2660	0.5036	0.6903	0.5520	0.7396
G232_10228	0.9346	0.5385	0.8616	0.7432	0.7075	0.8391	0.7410	0.7152	0.7029	0.7231	1.3715	0.7675	0.5966	0.7821	1.3801	0.6667	0.7704	0.8415	0.6545	1.1597	0.8323	0.9643	0.5961	0.5755	0.7117	0.6736	0.8060
G232_10229	0.8622	0.2028	0.8481	0.7821	0.7967	0.4043	0.5181	0.6954	0.6466	0.4651	1.1449	0.5746	0.9066	0.8500	1.0556	0.5238	0.0350	0.7113	0.6970	0.8319	0.5587	0.5065	0.1576	0.3525	0.7346	0.6576	0.8468
G232_10230	1.0714	0.3497	0.9315	0.9183	0.7490	0.6000	0.6506	0.8411	0.8311	0.7446	1.1462	0.5219	0.6518	0.9143	1.2749	0.8286	0.2412	0.8415	0.9333	0.6218	0.7019	0.6818	0.4187	0.6259	0.7063	0.6448	0.8494
