GENE	Rstd	SM102	SM104	SM105	SM108	SM109	SM11	SM122	SM13	SM14	SM18	SM24	SM27	SM28	SM29	SM35	SM36	SM42	SM48	SM57	SM66	SM67	SM72	SM74	SM84	SM9	SM91
G232_04720	0.6779	0.1469	0.7608	0.4669	1.0768	0.7478	0.8494	0.7152	0.5903	0.3898	1.3532	0.3991	0.3758	0.3857	1.3743	1.3524	0.0039	0.7042	0.2182	0.4454	0.5316	1.2305	0.0246	0.9281	0.5950	0.2880	0.4216
G232_04721	0.6442	2.4126	0.7608	1.0350	0.8382	0.6000	0.7952	0.8344	0.7126	1.1317	0.9537	0.5482	0.6242	0.3321	1.0585	1.0190	2.3074	0.5951	0.9515	0.8151	0.4400	0.6266	1.5911	0.3597	0.5988	0.7520	0.6076
G232_04722	1.1318	0.0000	0.8669	0.7977	0.7884	0.2652	0.1265	0.1391	0.6427	0.8548	0.9062	0.1667	0.3673	1.0071	0.7632	0.6190	0.0000	0.5440	0.4909	0.5294	0.5510	0.4675	0.0000	0.8633	0.8108	0.8528	0.7228
G232_04723	0.7810	0.2587	0.7513	0.3580	0.6100	0.7130	0.4157	0.5828	0.6544	0.7043	1.3678	0.8333	0.5924	0.7214	0.8801	0.5429	0.2335	0.7201	0.7879	0.4454	0.6026	0.5844	0.2315	0.1942	0.6842	0.5120	0.7236
G232_04724	1.0208	0.7343	0.7352	0.7237	0.7054	0.6957	0.8072	1.0265	0.8524	1.0430	1.4896	0.9912	0.7325	0.9536	1.2164	0.8857	0.9767	1.0405	0.5758	0.9748	0.7794	0.8766	0.9655	0.4460	0.9847	0.9296	0.8583
G232_04725	0.8464	0.8811	0.9086	0.4669	0.9025	0.5435	0.4277	0.3775	0.3359	0.5376	1.1133	0.8333	0.7155	0.5893	1.5585	0.4762	0.1089	0.8627	0.7091	0.4538	0.5884	0.7825	0.5665	0.3525	0.6712	0.6480	0.7741
G232_04726	0.9564	0.2517	0.7272	0.6654	0.7863	0.5739	0.8855	1.1126	0.6544	0.7876	1.1949	0.7281	0.6773	0.9250	1.3333	1.0476	0.2529	0.7694	0.4909	0.6218	0.7948	1.0584	0.5074	1.0360	0.7925	0.7312	0.7573
G232_04727	0.9752	0.2587	0.8387	0.9066	0.6307	1.1261	0.5000	0.9934	0.5883	0.4167	1.0999	0.7368	0.6921	0.5357	0.9678	1.0381	0.1479	0.5722	0.5939	0.9076	0.5600	0.8409	0.2118	0.5396	0.6362	0.8352	0.9681
G232_04728	0.8038	0.0000	0.6358	0.4981	0.8050	0.6826	0.7590	0.5563	0.5068	0.1478	0.0097	0.6711	0.5180	0.6893	0.9415	0.3714	0.0000	0.9261	0.6909	0.5714	0.7200	0.6461	0.0000	0.0647	0.7185	0.8160	0.7936
