GENE	Rstd	SM102	SM104	SM105	SM108	SM109	SM11	SM122	SM13	SM14	SM18	SM24	SM27	SM28	SM29	SM35	SM36	SM42	SM48	SM57	SM66	SM67	SM72	SM74	SM84	SM9	SM91
G232_00384	1.1655	0.1189	0.8817	1.0350	1.2842	0.6217	1.1988	1.1854	0.6738	0.1801	0.0000	0.5219	0.8344	0.7679	0.0000	0.6667	0.0000	0.8979	0.8242	1.2101	0.8774	0.9026	0.0000	0.2446	0.6529	0.9728	0.9318
G232_00385	0.7899	0.1049	0.8522	1.0545	0.7801	0.5565	0.7048	0.8742	0.8155	0.5511	0.0000	0.8333	1.1486	0.6929	1.0439	0.6095	0.0000	0.6655	0.7152	0.8403	0.8194	0.8344	0.0148	0.8921	1.1754	1.1712	0.7963
G232_00386	7.7235	79.7902	8.5524	9.0195	7.5892	9.3870	12.1627	13.7947	7.6194	38.4543	9.9951	12.2807	9.2994	9.0964	13.0205	8.5238	43.1167	9.6585	11.4303	14.4370	7.3471	11.2435	48.5172	7.0288	12.2021	9.1840	7.9486
G232_00387	1.0119	0.1469	0.7245	0.5370	0.7033	0.5696	0.9217	0.5629	1.0039	0.4597	1.3301	0.6974	0.8259	1.0393	1.4678	0.4857	0.1323	1.2148	0.9818	0.8151	0.8787	0.4091	0.1527	0.8849	1.0053	0.9232	0.8140
G232_00388	0.7037	4.4615	0.7030	0.7549	0.9419	1.3391	2.0181	0.6424	0.7612	2.7661	1.4860	0.8991	0.8344	1.1893	1.0936	0.5238	4.1518	1.0687	0.8667	1.7143	0.9819	0.9318	4.0296	1.2806	0.9542	1.3040	0.9752
G232_00389	0.6046	0.8112	0.6465	0.9222	0.7095	0.6217	0.9940	1.3709	0.7709	0.7608	1.1157	0.3202	1.0637	0.9036	1.6374	0.9810	0.2918	0.9313	1.0909	1.1345	0.9123	1.1753	0.2906	0.3453	0.7040	0.5968	0.7006
G232_00390	0.7582	2.2028	0.6344	0.5253	0.7054	0.6000	0.8675	0.7483	0.6854	1.7554	1.2631	0.7632	0.8153	0.8000	1.2865	0.7048	2.4825	0.8398	0.9758	0.9748	0.6116	1.0422	2.1921	0.3597	0.7796	0.8752	0.7529
G232_00391	0.8553	1.7343	0.7352	0.6770	0.7075	1.3739	1.0301	0.8543	0.6524	1.4758	1.1559	0.7412	0.8089	1.2179	1.1433	0.8286	1.9805	1.0651	0.6364	0.3109	0.8297	0.7695	1.8276	0.5036	0.9039	0.8768	0.9265
G232_00392	0.8474	0.2308	0.5833	0.9066	0.8672	0.7174	0.6627	0.7351	1.0485	0.4785	0.8380	0.5746	0.8429	1.2179	1.4415	1.1429	0.4475	0.9859	1.1212	0.7983	0.6748	0.9935	0.5665	0.4892	0.9519	0.8512	0.9876
G232_00393	0.8563	0.4126	0.6922	0.9222	0.6701	0.6478	0.8675	0.7483	0.8932	0.5968	1.1937	0.9649	0.7304	0.7964	1.1462	1.0857	0.7938	0.7518	0.9939	1.0840	0.7974	0.9513	0.4187	0.9568	0.8467	0.7488	0.8964
G232_00394	0.7631	0.2867	0.8481	0.6926	0.6867	0.3652	0.5723	0.7550	0.8951	0.6129	1.4580	1.0000	0.7304	0.8536	1.4269	0.7143	0.2062	0.6532	0.4727	1.1261	0.5639	0.6461	0.5222	0.3525	0.7986	0.8176	0.7750
G232_00395	0.7522	0.1748	0.7500	0.8210	0.7012	0.6043	0.6867	0.9470	0.6466	0.4919	1.1035	1.0000	0.7919	1.0500	0.8977	1.0190	0.0973	1.0106	0.3939	0.7479	0.6245	0.6656	0.0887	0.4892	0.7918	0.6912	0.9150
G232_00396	0.6135	0.2657	0.8051	0.3346	0.8237	0.4696	0.7048	0.2053	0.6097	0.5672	1.7808	0.8684	0.7261	1.0964	0.7895	1.0667	0.0623	1.0599	0.4485	0.5714	1.0297	0.7078	0.1921	0.5396	0.7231	0.7600	0.6652
G232_00397	1.0109	5.1748	0.7460	0.8911	0.8797	1.5000	1.4880	1.1325	0.8311	3.9032	1.2046	0.8553	0.8047	0.8536	1.2807	0.8095	7.2296	0.9894	1.2242	0.6303	0.6774	0.8182	5.4778	0.7410	0.8894	0.8064	0.8016
G232_00398	0.7929	0.5455	0.8347	0.7237	0.9647	0.8478	0.4699	1.4238	0.4058	0.4301	1.0049	0.5395	0.7219	0.6071	1.0497	0.8857	0.5447	0.4419	0.7879	0.9580	0.7110	0.6169	0.5665	0.5108	0.5095	0.6368	0.5810
G232_00399	0.8989	2.2308	0.7608	0.6537	0.7988	1.0043	1.0783	0.8742	0.6369	1.3145	1.0853	0.6360	0.8089	0.8393	1.1579	1.3714	2.1323	1.1180	0.5818	0.7479	0.7497	0.8442	2.0296	1.2014	0.7979	0.7184	0.8902
G232_00400	0.6204	1.1399	0.5901	0.6654	0.6494	0.8696	0.5482	0.8344	0.6097	0.7124	0.8940	0.5044	0.7219	0.6143	0.8830	0.7714	0.5292	0.6232	0.5576	0.8655	0.6968	0.5974	0.3251	0.6547	0.5713	0.6288	0.7839
G232_00401	0.6739	0.0629	0.6815	1.1868	0.7676	0.6043	0.9217	1.0331	0.6466	0.4355	1.2168	0.7632	0.6348	0.5821	0.8830	1.1905	0.0233	0.5563	1.3394	1.7563	0.8645	0.7695	0.1281	0.9353	0.8131	0.8128	0.6829
G232_00402	0.8583	0.0699	0.8750	0.4163	0.8402	1.2565	0.2530	1.2053	0.6835	0.4489	1.3520	0.6009	0.9023	1.3643	1.4006	0.7714	0.0389	0.7465	0.7030	0.5882	0.7019	0.5617	0.2660	0.8489	0.9207	0.7296	0.8149
G232_00403	0.7849	0.2028	0.5027	0.7237	0.7220	0.5826	0.1627	0.5364	0.8058	0.8333	1.2887	0.5307	0.8004	0.7536	0.8626	0.5810	0.3580	0.8433	0.9273	0.5798	0.4723	0.9610	0.5320	0.2014	0.8741	0.8368	0.8344
G232_00404	0.8860	4.9441	0.8253	0.7121	0.5498	1.3000	0.9819	1.1788	0.7165	2.6828	1.2984	0.5702	0.8386	0.8107	0.8363	1.0095	6.3424	1.0634	1.0788	0.9832	0.4916	0.7955	5.3153	0.5755	0.6140	0.5664	0.7015
G232_00405	0.5491	0.0559	0.4812	1.1946	0.8651	0.7696	0.4036	0.9007	0.7981	0.2527	1.3849	0.6228	0.7070	1.1214	1.2573	0.2762	0.0739	1.0088	0.5576	0.8319	0.6826	0.9481	0.0000	1.4676	0.5965	1.2448	0.9008
G232_00406	0.8890	0.2238	0.8710	0.7899	0.7510	0.7826	0.7048	0.8742	0.7515	0.6774	1.1608	0.7588	0.6900	0.7714	0.9912	0.9333	0.1089	0.7764	0.7636	0.7647	0.9948	0.9481	0.2118	0.6187	0.8024	0.8656	0.7777
G232_00407	0.9316	0.1119	0.8360	0.8249	0.7344	0.4870	0.3494	0.6490	0.6330	0.6371	1.3837	0.8114	0.9788	1.0607	1.7982	1.0286	0.1518	0.9085	0.3818	0.8067	0.7200	0.5649	0.1970	0.6978	0.7674	0.8000	0.7617
G232_00408	0.7968	0.6154	0.5968	0.8132	0.6141	0.5522	0.6928	0.6225	0.8757	0.9597	1.6687	0.7982	1.0361	0.8821	1.3947	0.6381	0.5253	0.8574	0.9091	0.4202	0.7045	0.7630	0.6847	0.4245	0.9458	1.1664	0.9088
G232_00409	0.7136	1.4476	0.6747	0.7704	0.7033	0.7217	0.1867	0.4371	1.0117	0.6962	1.3715	1.3026	0.8408	0.8643	1.0556	0.9333	1.5447	0.8275	1.1030	1.3697	1.0890	0.7792	1.2217	0.5755	0.8566	0.7952	0.8264
G232_00410	0.6105	0.2657	0.7487	0.8366	0.7386	0.6739	0.8373	0.5430	0.8757	0.3871	1.0560	1.1096	0.9809	0.9679	0.9825	0.9143	0.3035	0.8838	1.0000	0.6387	0.9110	0.7760	0.3744	0.6835	0.7269	0.9120	0.9424
G232_00411	0.7056	0.6014	0.6962	1.0350	0.8527	0.7348	0.4277	1.0331	0.7515	0.5188	0.9013	0.8816	0.5754	0.8536	1.1170	0.9333	0.1673	0.8644	0.8667	0.7395	0.7213	0.6558	0.4335	0.6619	0.7292	0.7232	0.6634
G232_00412	0.6759	1.9510	0.3522	0.8755	0.3880	0.4957	0.6325	0.1656	0.7476	1.5753	0.8185	0.8904	0.6624	0.7893	0.8304	0.6667	2.2179	0.6373	0.5394	0.8824	0.5432	0.3929	1.8621	0.4173	0.7689	0.7344	0.8007
G232_00413	0.8959	0.1049	0.8253	0.4086	0.7573	0.6391	0.8012	1.2914	0.8583	0.4382	1.2607	1.1842	0.9766	1.2143	1.0760	0.6190	0.2529	0.9349	1.2545	1.0504	0.9303	1.0909	0.2217	0.6763	0.7849	0.7248	0.9238
G232_00414	0.7086	0.5944	0.5766	0.6304	0.9004	0.6957	0.6084	0.3841	0.5864	0.4570	1.4531	0.9298	0.4437	0.6036	0.8977	1.0476	0.3307	0.7852	1.0424	0.9076	0.9265	1.2760	0.4335	0.7050	0.7094	0.6736	0.4632
G232_00415	0.8642	2.8531	0.5417	0.8716	0.8921	1.2739	0.9036	0.8808	0.9204	2.8360	1.1437	0.7895	0.8429	0.8429	1.0906	0.7333	3.8677	0.9032	1.0242	0.9412	0.6542	0.7370	3.1232	0.4892	0.8352	0.8672	0.9176
G232_00416	0.7691	1.0629	0.7742	0.7354	0.8755	0.9522	0.9337	1.0927	1.0369	0.8575	1.2546	0.5307	0.8004	0.8357	1.2515	1.0000	0.8560	0.8556	0.8970	0.6555	0.9406	1.2240	0.7192	0.7842	0.8520	0.9520	0.8884
G232_00417	1.0238	0.4196	0.7124	0.7938	0.8278	0.9913	0.6566	0.9470	1.0175	0.6774	1.2814	1.0395	0.9979	0.8357	1.0088	0.4476	0.4514	1.0035	0.9697	1.0420	0.8942	0.6396	0.3103	0.6115	0.7429	0.7504	0.9407
G232_00418	0.7136	0.1678	0.8844	0.8482	1.0768	0.7043	0.8373	0.7616	0.8388	0.5215	1.4373	1.2325	0.8938	0.4429	0.5731	0.8571	0.0195	0.8785	0.8788	0.7899	0.8400	0.6623	0.0591	1.0504	0.9649	0.7696	0.8521
G232_00419	0.8831	0.1888	0.7755	0.7043	1.5934	0.7913	1.0482	0.7483	0.7126	0.5645	1.0670	0.7325	0.8429	0.6071	0.5497	0.9524	0.1323	0.6338	0.4545	1.0000	0.7432	0.7955	0.0936	1.0576	0.7712	0.7088	0.7157
G232_00420	0.7948	0.0140	0.5497	0.6615	0.8340	0.7913	0.4699	0.4238	0.8388	0.4704	0.8319	0.5000	0.8323	0.8464	0.4854	0.2000	0.0000	0.9560	0.7939	0.5462	0.4387	0.7435	0.0000	0.9640	1.0511	0.7648	0.8025
G232_00421	0.7403	0.0559	0.7728	1.0272	0.7656	0.6217	0.6265	0.5828	0.8757	0.2796	1.1315	1.0482	0.8450	0.8393	1.0088	0.8190	0.0156	0.9789	1.1030	0.9076	0.7148	0.7045	0.0394	0.3165	0.7849	0.6736	1.0027
G232_00422	0.8741	0.3706	0.8212	0.8521	0.6784	0.9261	0.6205	0.5828	0.8272	0.4355	1.0475	0.8728	0.8769	0.8071	0.9825	0.6190	0.2374	0.6989	0.7091	0.6050	0.9819	1.3214	0.4384	0.4964	0.8352	0.8832	0.7148
G232_00423	0.8137	1.0629	0.6680	0.7899	0.5705	0.9348	0.8795	0.9536	0.9748	0.6667	1.1937	1.4167	0.9512	0.8286	1.3538	0.6286	0.6926	1.1338	0.3818	0.7731	0.9484	0.8149	0.4828	0.4604	0.9062	1.0032	0.7210
G232_00424	0.6383	0.0559	0.9288	1.2840	0.8983	0.4435	1.0361	1.2185	1.1573	0.4247	1.3118	1.1930	1.1741	0.9607	0.7368	0.6000	0.0000	0.5827	1.1879	0.4034	0.8026	0.8084	0.0788	1.0647	0.9855	1.0176	0.6847
G232_00425	0.9366	0.1049	0.7809	0.6459	0.9855	0.6739	0.6024	0.9868	0.9883	0.5618	1.1486	0.6754	0.7006	0.7964	0.9064	0.6762	0.1829	0.8204	0.8909	0.6723	0.8581	0.9221	0.0887	0.8201	0.7178	0.7392	0.6634
G232_00426	0.7423	0.1399	0.5403	0.6693	1.0996	0.2435	0.4398	0.5166	0.5864	0.5672	1.2314	0.5219	0.5435	0.5786	0.8333	0.8000	0.3774	0.6954	0.6909	0.8235	0.4774	0.3896	0.4631	0.9784	0.7910	0.6240	0.7945
G232_00427	0.8831	2.1329	0.7164	0.8132	0.9751	0.9652	0.9458	0.2649	0.7456	1.3038	1.0487	0.9605	0.8938	0.7214	0.8684	0.9619	1.6226	0.8944	1.1879	0.8655	1.0619	0.8701	1.6995	0.5108	0.8162	0.7968	0.8087
G232_00428	6.7631	0.4196	6.3723	13.9805	7.3900	7.1913	9.4277	9.5960	9.8058	2.7124	0.7795	9.3904	13.4565	7.3679	1.7339	12.6286	0.1479	7.5599	4.2909	4.0504	8.4632	6.9903	0.4631	11.3669	6.1899	14.9776	8.4827
G232_00429	0.6789	11.0280	0.9301	0.9066	0.9066	2.2913	0.7410	1.1325	0.9165	6.0618	0.0061	0.9123	0.8153	0.5643	0.2982	1.2667	13.7860	0.8662	1.7030	1.3193	0.8839	1.0065	12.6355	1.0360	0.8711	0.9344	0.6980
G232_00430	0.6194	0.0420	0.6398	0.8444	0.6183	0.4609	1.0964	1.0199	0.7204	0.3575	0.0000	0.8377	0.5563	1.0036	2.0205	1.0476	0.0000	0.5687	1.1091	0.4958	0.7058	0.9221	0.0148	0.5396	0.9901	0.7056	0.7431
G232_00431	1.0119	0.0000	0.7648	0.9416	1.0062	0.6652	0.5602	0.9139	0.7573	0.0000	0.0000	1.0965	0.5563	0.7071	2.6871	2.0381	0.0428	0.7254	0.9333	0.6218	0.7897	0.7175	0.0000	0.9137	0.8070	0.5040	0.6997
G232_00432	0.8513	0.0000	0.9341	1.1323	1.3672	0.8391	0.8133	1.1258	0.7961	0.4005	0.0767	0.0526	0.9788	0.8571	1.1257	0.7905	0.0000	0.6620	0.0909	0.0588	0.9858	0.0747	0.0887	0.3381	0.0198	1.0336	0.6971
G232_00433	1.1645	0.0629	1.1694	1.1440	0.8817	1.0261	1.1988	1.4834	1.2893	0.6129	1.9769	1.1053	1.0679	1.0179	0.6374	0.9524	0.0584	1.1461	1.3273	1.0756	1.1535	1.3831	0.0394	0.9712	1.0404	0.8688	1.3605
G232_00434	0.8553	8.1049	0.6532	1.0584	0.5249	2.5435	0.9337	0.5298	0.9204	6.1855	2.2655	0.6360	0.8217	0.8536	0.1608	0.6000	10.7665	1.2324	2.5758	0.7899	1.0323	1.8052	9.5025	1.3237	1.7452	0.9616	0.9947
G232_00435	0.7423	4.2867	0.9234	0.6420	0.4896	1.2043	1.6627	1.3974	1.4175	0.4677	0.7186	1.3377	1.1104	1.1964	0.0000	0.8381	0.0000	1.4296	1.5273	0.6555	0.9019	1.7208	0.0000	0.5180	2.0862	1.1072	0.8592
G232_00436	1.0297	1.6224	1.1102	1.3152	0.6680	0.9217	1.2108	1.1126	0.9476	1.7312	1.7113	0.6930	1.0934	0.9571	1.0029	0.2381	1.8599	0.9648	0.5636	0.4454	1.0374	0.7727	1.8867	0.5827	0.9687	0.9488	1.1027
G232_00437	0.7879	1.3636	0.5699	0.5953	0.8423	0.6043	0.8735	1.0795	0.7728	1.5806	1.3971	0.7851	0.8811	0.5714	1.2456	0.5333	1.6848	0.8380	0.7273	0.8655	0.7613	0.8539	1.5271	0.6835	0.8665	1.0224	0.9017
G232_00438	0.8355	0.4895	0.8616	1.1206	0.7469	0.7565	0.8494	0.8212	0.8350	0.6478	1.1169	1.0921	0.5372	0.9071	0.7953	1.3714	0.4514	0.8856	0.7394	0.6723	0.6994	0.8734	0.6158	0.7050	0.8658	0.7952	0.9291
G232_00439	0.6383	2.0210	0.7433	0.7393	0.8382	1.1870	0.9639	0.9272	0.9087	1.2661	1.5639	0.7281	0.5244	1.0750	1.3538	0.8381	1.6031	0.9032	0.5939	0.7983	0.6929	0.8864	1.7685	0.3237	0.8635	0.7504	0.7263
G232_00440	0.7126	0.5874	0.8737	0.7549	0.8299	0.7739	1.0241	1.0795	0.8078	0.9758	1.2400	0.8289	0.7686	0.9464	1.0322	0.7524	0.7237	0.8257	0.7758	0.7647	0.8606	0.8701	0.8227	0.7554	0.9481	0.7712	0.8432
G232_00441	0.7463	0.5874	0.7863	0.8016	0.7054	0.6957	0.6867	0.6358	0.6951	0.6075	1.2741	0.7675	0.7113	0.9607	1.4971	0.8952	0.5175	0.7817	1.0545	0.9328	0.7935	0.8279	0.5911	0.6187	0.8734	0.6720	0.7582
G232_00442	0.5233	0.1748	0.9032	0.9533	0.4917	0.6348	1.0181	0.2119	0.9864	1.0672	1.9403	0.6623	0.7049	0.9321	1.5117	0.6571	0.0195	1.2201	0.8303	0.8067	0.8129	0.3604	0.0394	1.1223	0.8658	1.0032	0.7759
G232_00443	0.6838	0.7063	0.9140	0.9767	1.0415	0.6870	0.6325	1.0000	0.8777	0.6909	1.4531	0.6886	1.0616	1.1214	0.8947	1.0571	0.7198	0.9665	0.7455	0.8235	0.8039	0.6331	0.5025	0.3957	0.9153	0.9360	0.8397
G232_00444	0.7007	1.2378	0.8253	0.8677	0.5228	0.8391	0.7410	1.5166	0.6427	2.0188	1.2875	1.2807	1.0106	0.6857	1.2749	1.1143	1.4786	0.9313	0.6848	1.1345	0.8232	1.3117	1.4384	0.6331	0.6735	0.7408	0.7538
G232_00445	0.8999	0.6923	0.8199	0.7160	0.8237	0.7522	0.7530	0.9868	0.9359	1.0833	1.4604	0.8026	0.7856	1.0214	1.4064	1.0857	1.2296	0.8732	0.7394	0.8824	0.7935	0.8474	0.9261	0.5683	0.9153	0.8144	0.8751
G232_00446	0.8266	3.1888	0.7097	0.8794	0.4253	0.8391	1.0422	0.3709	0.7864	3.2151	1.3776	0.8202	0.7601	0.9250	1.4064	0.5048	4.8249	0.8345	0.9394	1.4118	0.6426	0.7630	3.6355	0.2950	1.0625	0.8720	0.9407
G232_00447	0.7364	13.4615	0.5914	0.8560	0.8237	1.5130	2.3554	0.9603	0.8000	7.4032	1.4117	0.8816	0.7113	1.1286	0.7222	1.2381	16.0233	1.0246	1.0788	1.3025	0.7252	1.0032	11.9458	0.7482	0.9580	0.6096	0.7068
G232_00448	0.7948	1.1119	0.9946	0.7743	0.8631	0.8783	0.7771	1.2980	0.7670	1.0349	1.4555	0.4868	0.7728	1.3143	1.1462	0.7714	1.1556	0.9683	1.0424	0.7227	0.8297	0.9123	1.1034	0.8417	0.9924	0.8208	0.9159
G232_00449	0.9693	2.6154	1.0282	0.9922	0.8299	0.8652	0.8072	0.6490	1.1204	1.9059	1.3082	1.2061	0.7962	0.9000	1.4240	0.9714	2.8872	0.8680	1.2606	0.7395	0.7497	1.0584	2.5714	0.3453	0.9069	0.8464	1.0275
G232_00450	0.7958	0.4476	0.8132	0.8366	0.6867	0.5043	0.7651	0.8477	1.0136	0.5941	1.4957	0.9079	0.8514	1.1643	0.9649	0.9143	0.3735	1.1144	1.2242	1.1765	0.8400	0.5455	0.5419	0.4460	1.0153	1.0912	0.9265
G232_00451	0.9455	0.4965	1.1398	0.6576	0.7925	0.6391	0.1928	0.5563	1.0505	0.7554	1.2010	0.5395	0.7091	0.9786	1.2164	0.9238	0.5097	0.7447	0.8424	1.1345	0.8129	0.7987	0.4286	0.4892	0.7788	0.9872	0.7024
G232_00452	0.9554	0.8951	0.9019	0.7354	0.8091	0.8739	0.6145	1.0066	1.0311	1.2661	1.3143	0.7632	0.9915	0.9036	1.5468	0.7143	1.0350	1.0018	1.1818	1.0756	1.0723	0.9286	0.8768	0.9065	0.8871	0.8736	0.9982
G232_00453	1.1090	0.1189	0.6653	0.6031	0.7448	0.8043	0.6024	0.7351	1.2097	0.5215	1.4787	0.9079	1.0064	1.0857	1.6199	1.3524	0.4047	1.1849	0.9394	1.0840	0.9458	0.7597	0.2808	0.6403	0.8764	1.2640	0.8361
G232_00454	1.0218	3.2098	0.8858	0.6926	0.7386	1.1043	0.9759	0.9801	0.9243	2.3065	1.2631	0.6754	0.7771	0.8357	1.2456	0.7619	3.5798	0.9120	1.1273	0.8571	0.9110	0.7110	3.4335	0.8561	0.8825	0.9344	0.9539
G232_00455	0.3112	0.1538	0.3683	0.5331	0.5228	0.2957	0.4096	0.5033	0.4796	0.3629	0.5457	0.1886	0.4395	0.4500	0.3860	0.4381	0.0000	0.3574	0.3455	0.2605	0.4361	0.5682	0.0148	0.3885	0.5301	0.4208	0.5261
G232_00456	0.7611	2.4336	0.5874	0.7860	0.8444	1.0043	1.0181	0.8543	0.9049	2.2070	1.7905	0.9342	0.9873	0.5679	1.5497	0.8952	5.0195	1.1725	0.8727	0.9664	0.7923	0.7727	3.8818	0.9209	0.9680	1.1648	0.9345
G232_00457	0.5956	0.4965	0.7070	0.6732	1.0975	0.8000	0.6747	1.2384	0.7650	0.8011	1.1644	0.9254	0.8493	0.8321	1.3333	0.5048	0.6420	0.7641	1.0606	0.8655	0.7419	0.7695	0.4680	0.8345	0.8856	0.7344	0.8432
G232_00458	0.8821	0.3077	0.8777	0.6732	0.7261	0.5174	0.5422	1.1656	0.8583	0.7903	1.4239	0.5789	0.7856	0.9607	1.2573	0.9143	0.3891	0.9877	0.8061	0.5546	0.6516	0.7532	0.3793	0.7914	0.8848	0.6176	0.8335
G232_00459	0.8117	0.1608	0.7097	1.0039	0.8734	0.8087	0.7410	0.7086	0.9282	0.4247	1.2509	0.5833	0.8705	0.5429	0.9327	1.3429	0.0233	0.9560	1.1030	0.7899	0.7200	0.6461	0.0000	0.3453	0.8612	0.6064	0.7981
G232_00460	1.0387	0.4406	0.7675	1.1012	0.8320	0.6478	0.6627	1.0662	0.9359	0.7124	1.3337	0.9167	0.8790	0.8607	1.1082	0.7619	0.2607	0.8662	1.0242	0.7563	0.7110	0.9188	0.1478	0.7266	0.8330	0.9104	0.8069
G232_00461	0.7403	0.2378	0.8427	0.9144	0.6618	0.6870	0.7349	0.9669	0.8796	0.6962	1.3155	0.8289	0.7941	0.9036	1.4094	1.3238	0.2996	0.9507	0.9697	0.5714	0.8542	0.7922	0.3498	0.5252	0.8802	0.7168	0.9734
G232_00462	0.9177	0.6713	0.7325	0.7393	0.5228	0.8174	0.9398	0.9205	0.7417	1.1263	1.5128	0.9079	0.8004	1.3607	1.1404	0.4952	0.7821	1.2606	0.7212	0.7479	1.0594	0.7435	0.7537	1.0863	0.8818	0.8704	1.2188
G232_00463	1.0813	3.0420	0.8414	0.5486	0.8485	1.4609	0.9940	1.1722	0.5515	2.5968	1.1242	0.5746	0.7070	1.1000	1.2398	1.1333	3.0739	1.0352	0.8606	0.5462	1.0645	1.5812	3.4778	0.7842	0.8345	0.7520	0.9150
G232_00464	0.7185	0.1818	1.2030	0.8444	1.0249	0.5130	0.9578	1.6358	0.6291	0.4624	1.1888	0.7193	0.5223	0.6893	1.6257	0.4762	0.0000	0.8856	0.6000	1.2017	0.7639	0.7305	0.0788	1.1151	0.8368	0.6352	0.8928
G232_00465	0.9108	1.0350	0.7836	0.6576	0.6992	0.8696	0.5723	0.8278	0.7262	0.8333	1.2205	0.6009	0.7049	0.7821	1.0175	0.7238	0.4630	0.8539	1.0182	0.8908	0.7316	0.8474	1.3596	0.5540	0.8734	0.7184	0.8884
G232_00466	1.0406	0.0000	0.7782	0.6381	0.8465	0.3261	0.8253	0.8477	0.9010	0.7419	1.8343	0.6053	0.9278	0.9857	1.6111	0.9238	0.0117	0.8574	1.3636	0.6891	0.8026	0.5844	0.1576	1.1871	0.8886	0.7760	0.8831
G232_00467	0.8652	0.5105	0.9019	0.8249	0.8133	0.5783	0.6024	1.0397	0.8136	0.7876	1.4726	0.6316	0.6964	0.8643	1.0322	0.8667	0.3696	0.8415	0.8909	1.1176	0.8748	0.6721	0.4532	0.9496	0.8612	0.7536	0.8007
G232_00468	0.7621	0.1259	0.7782	0.6965	0.6639	0.6174	0.3976	1.0066	0.8602	0.7339	1.3691	0.6579	0.9639	0.6607	1.0322	0.8667	0.0117	0.8028	0.6182	0.6639	0.7806	0.6753	0.0985	0.3309	0.9092	0.6432	1.0806
G232_00469	1.1189	0.0000	0.8710	0.9300	0.8050	0.6913	0.3976	1.2053	0.8291	0.5591	1.4482	0.7018	1.0573	0.7357	1.0556	0.6286	0.0000	0.9349	1.0667	0.6303	0.8116	0.8864	0.0000	0.4604	0.7986	0.6976	0.9717
G232_00470	0.5084	0.8531	0.6371	0.4981	0.5954	0.9304	1.0964	1.1126	0.9320	1.0108	1.1583	0.6974	0.8217	0.8429	1.2865	0.8286	1.1167	0.6884	0.4667	1.1176	0.6142	0.7208	0.8374	0.3309	0.9863	0.3616	0.9398
G232_00471	0.8612	0.1678	0.7661	0.8911	0.7303	0.7261	0.7349	0.7086	0.7845	0.5323	1.0804	0.6930	0.8259	0.9571	0.9678	0.5714	0.1868	0.7394	0.5515	0.5630	0.7290	0.9383	0.2463	0.5468	0.9115	0.7456	0.8778
G232_00472	0.8662	0.1329	0.7742	0.7237	0.5415	0.1174	0.5663	0.4172	1.4272	0.6505	1.5664	1.2895	0.9703	0.9286	1.4942	0.5429	0.0272	0.9454	0.9576	0.5210	0.9148	0.9156	0.0788	0.3453	0.8276	1.0784	0.9681
G232_00473	0.8285	6.4965	0.7285	0.5953	0.6846	0.9870	1.4157	0.8675	0.8291	3.2769	1.5347	1.1140	0.6921	0.6643	1.2135	1.2095	4.8444	0.9261	1.1152	1.5378	0.8968	1.0292	5.4384	0.3813	0.6255	0.6320	0.7431
G232_00474	0.9158	0.6923	0.9059	0.8521	0.6950	0.8739	0.8494	0.6424	0.9068	1.0054	1.4592	0.7105	0.9830	0.8607	1.0526	0.9238	0.8132	0.9877	0.8727	0.3361	0.7897	0.8896	0.6059	0.6619	1.0183	0.8192	0.8999
G232_00475	0.6165	0.5455	0.9624	0.5603	0.8568	0.9261	1.1566	1.1523	0.6738	0.9892	1.2948	0.5746	0.7240	0.4000	0.9298	0.8000	0.6187	0.7289	0.6424	0.4454	1.4555	0.8312	0.8621	1.0360	0.6369	0.4784	0.8468
G232_00476	0.6918	0.0420	0.8347	0.8249	0.8402	0.6826	0.5241	0.8079	0.8252	0.4247	1.2753	0.8114	0.7367	0.8464	1.3392	0.7810	0.0623	0.8521	0.7152	0.8655	0.8077	0.8247	0.1084	0.7266	0.9863	0.8800	0.7476
G232_00477	0.6987	0.8322	0.7930	0.8677	0.7365	0.6913	0.7952	0.5960	0.9184	0.8011	1.4970	1.0263	0.9618	0.8464	1.4591	1.1429	1.2957	0.7887	0.5333	0.8908	0.7587	0.7240	1.0148	0.2158	0.8612	0.9296	0.9371
G232_00478	1.0971	3.4056	0.8898	0.8482	1.0166	1.1609	1.5843	1.1192	0.8311	1.8226	1.2387	0.6535	0.6688	1.0036	1.0906	0.6952	3.8872	0.8838	1.0303	1.9832	0.8748	0.7630	4.0788	1.0144	0.8589	1.0064	1.0390
G232_00479	0.8305	0.3217	0.6949	0.7432	0.7241	0.5217	0.3494	0.6954	0.7728	0.5995	1.3459	0.8289	0.7792	0.9286	1.2632	0.7905	0.1790	0.8768	0.7152	0.6555	0.5961	0.7760	0.1478	0.5036	0.9214	0.6864	0.8459
G232_00480	0.8781	3.2448	0.9745	0.6537	0.8693	1.1174	0.9157	0.8477	0.8155	2.9220	1.2144	0.6360	0.6008	0.7464	1.2105	0.8667	5.4514	1.0792	0.7455	0.5042	0.5819	0.8019	3.8719	0.3741	0.9870	0.9376	0.8857
G232_00481	0.8860	0.5035	0.9180	0.6537	0.6369	0.7130	0.3976	0.9536	0.6505	0.7016	1.0987	0.5833	0.7516	1.0107	1.2368	0.7143	0.2996	0.8310	0.7697	0.6807	0.7639	0.9805	0.5714	0.5612	0.8841	0.8544	0.8122
G232_00482	0.8890	0.0490	0.7406	0.5875	0.4813	0.5696	0.5120	1.1722	0.5068	0.5538	1.1523	0.7193	0.6709	0.8964	0.9766	1.2571	0.0000	0.8486	0.6303	0.5546	0.8400	0.6786	0.0000	0.9281	0.7201	0.8608	1.0106
G232_00483	0.9207	0.3217	0.9315	0.7432	0.8880	0.7043	0.5542	1.2781	0.7359	0.4113	1.3508	0.6667	0.7219	0.8143	1.2281	0.4286	0.1829	0.8169	0.7091	0.8655	0.8348	0.7760	0.2660	0.7194	0.7628	0.7216	0.7741
G232_00484	0.5282	0.6364	0.4745	0.1829	0.3983	0.1870	0.6265	0.7086	0.6485	0.4570	0.6565	0.5965	0.6327	0.5643	0.6404	0.6095	0.3852	0.5722	0.2485	0.2941	0.2723	0.4481	0.4433	0.4173	0.4828	0.5456	0.4411
G232_00485	1.0139	2.9021	1.1223	0.6265	0.8112	0.7739	1.6446	1.2715	0.7068	2.6586	1.2290	0.7500	0.7601	0.7607	1.4415	0.9429	4.9922	1.0827	0.7818	1.2773	0.7832	1.0422	4.8177	0.8705	0.7826	0.9104	0.7848
G232_00486	0.8028	0.0699	0.7634	0.6498	0.9336	0.7391	0.6988	0.9205	0.7165	0.3844	1.0329	0.7368	0.7983	0.8107	1.0117	0.6000	0.0467	0.7342	0.8182	0.3866	0.6000	1.1006	0.0493	0.8489	0.8513	0.7456	0.8946
G232_00487	0.9891	1.6364	0.9194	0.8599	0.8900	0.8261	0.9157	0.9536	0.8816	1.5484	1.2022	0.8114	0.8301	0.7143	1.3070	0.9714	1.7860	0.9648	0.7939	0.8487	0.8594	1.1104	1.6059	0.7770	0.8574	0.8176	0.8043
G232_00488	0.5778	0.5175	0.7204	0.7471	0.7054	1.0696	0.8072	0.7815	0.8019	0.7688	0.9099	0.4912	0.8726	1.3071	1.1404	0.2571	0.3619	0.5933	0.8000	0.6134	0.7639	0.4870	0.8079	1.1367	0.7452	0.7408	0.8255
G232_00489	0.7740	0.7203	0.8199	0.9066	0.7988	0.9609	1.2651	1.3775	0.9107	0.5645	1.3581	0.6842	0.7834	0.6357	1.0409	1.2762	0.5914	0.7570	0.8242	0.3866	0.7226	1.0195	0.5665	1.1511	0.8734	0.8032	0.9309
G232_00490	0.7661	0.2378	0.5901	0.6070	0.7593	0.8826	0.7410	0.9007	0.6272	0.4194	1.2631	0.4956	0.6667	0.3929	0.7836	0.2190	0.3658	0.7095	0.2182	0.4202	0.5781	0.5292	0.2167	0.5540	0.8124	0.6688	0.5917
G232_00491	1.0208	2.0559	0.8548	0.6770	0.6722	0.9174	0.8434	1.2053	0.7845	1.8172	1.4385	0.8772	0.8471	0.9071	1.1082	0.9333	2.6109	0.7430	0.7697	0.7731	0.7277	0.7727	2.5764	0.4820	0.8924	0.7248	0.8822
G232_00492	0.8474	0.2517	0.6519	0.9455	0.9730	0.5348	0.8072	0.9007	0.8194	0.4866	0.0938	0.5965	0.6497	0.5857	0.1608	1.4476	0.3230	0.6989	1.2364	0.9580	0.8465	0.8669	0.3547	0.2302	0.9367	0.8656	0.8335
G232_00493	1.0872	0.0000	1.1989	0.9183	1.0726	1.0957	0.4277	0.8543	0.9146	0.5215	0.3337	0.8772	0.8662	0.9464	0.0380	0.8857	0.0000	0.8820	1.0848	0.5798	1.0826	1.4643	0.0690	1.0072	1.1846	0.8640	0.8361
G232_00494	0.8355	1.1399	0.8333	0.8288	0.7531	1.2913	1.0964	0.7881	0.9029	0.9247	1.2692	0.9079	0.7941	0.9464	0.9766	1.2095	1.2685	0.6972	0.7030	1.0588	1.0194	0.9351	1.3941	0.8633	0.9542	0.7840	0.9105
G232_00495	0.8860	0.0629	0.9906	0.6537	0.9502	0.6739	0.7410	0.7682	0.8369	0.3952	1.2911	0.5570	0.9554	0.9036	1.4883	0.6952	0.0233	0.8222	0.6606	0.3613	0.8774	0.9870	0.0493	0.6906	0.8017	0.7824	0.8530
G232_00496	0.6531	1.2238	0.7056	0.9183	0.8714	1.1217	1.2349	0.2517	1.1534	2.9624	2.1754	1.2281	1.1083	1.2679	1.3216	1.4571	2.6537	1.5986	1.4121	0.5966	0.5639	0.2857	2.0985	0.4460	0.9359	1.3312	0.8379
G232_00497	0.8831	7.6993	0.9987	0.9183	0.4772	1.2217	1.9337	0.8477	1.1981	4.6371	1.8611	1.0789	1.1401	1.5500	1.6901	0.7524	7.3035	1.1373	1.0545	1.0924	0.8606	0.9513	6.2069	0.7842	1.0359	1.4400	0.8397
G232_00498	0.9049	3.0000	0.9167	0.4436	0.8091	0.9435	0.8675	1.2450	0.6000	1.4919	1.3118	0.7412	0.6943	1.0607	1.6199	0.9810	3.1206	0.9560	0.8182	0.7311	0.6297	1.0162	2.5764	0.7266	0.8558	0.6112	0.8202
G232_00499	0.6541	0.3007	0.7702	0.5370	0.7842	0.8870	0.6867	0.6623	0.7942	0.5672	1.5335	1.0789	0.6752	0.6500	1.4620	1.8286	0.5681	0.5651	0.8909	0.2353	0.5368	0.7760	0.3251	0.6619	0.8253	1.2464	0.8344
G232_00500	1.0248	0.0350	0.8508	0.4553	0.8382	0.7217	0.7892	0.8013	0.9728	0.3817	1.1474	0.8026	0.8938	0.6821	1.0789	1.2095	0.0000	0.8239	0.6485	1.0168	0.9213	0.7175	0.0148	0.7626	0.8558	0.8176	0.8530
G232_00501	0.7879	0.7063	0.8306	0.7276	0.7593	0.9174	0.7892	0.7947	0.8990	0.8871	1.4470	0.8816	0.7389	0.9714	1.0468	0.8381	0.7743	0.7201	0.9333	0.7815	0.8297	0.9773	0.7882	0.5971	0.8452	0.7600	0.7919
G232_00502	0.9812	2.4895	0.9086	0.7393	0.6286	1.0783	1.1988	0.7550	0.7631	2.1801	1.4227	0.7149	0.6454	0.9750	0.9708	0.9905	3.3502	0.9842	1.0545	0.9244	0.8490	0.7240	3.1379	0.7842	0.8909	0.8544	0.8131
G232_00503	0.8315	0.7972	0.9691	0.6187	0.9046	0.4739	1.0602	0.7748	0.5573	0.9462	1.1291	0.9561	0.5011	0.5357	1.1053	0.6286	0.6654	0.9313	0.9212	0.4790	0.9200	0.6364	0.8473	1.0863	0.7841	0.8032	0.9876
G232_00504	0.8157	0.5385	0.9341	0.7743	1.1660	1.0870	1.0301	0.9735	0.8563	0.6801	1.3337	0.6754	0.6688	0.8214	1.0117	0.4286	0.5486	0.8345	1.0121	0.8655	0.8632	1.0714	0.5222	0.9784	0.9321	0.7872	0.8627
G232_00505	0.7334	0.0000	0.6532	0.6381	0.8195	0.7174	0.6205	0.1722	1.1592	0.3172	1.1181	0.6711	0.8535	1.1143	1.5702	0.5619	0.0778	0.9296	0.5333	0.4370	0.6077	0.6851	0.0000	0.3381	1.0114	0.8656	0.9717
G232_00506	0.9554	1.0559	0.7540	1.0039	0.6701	0.8174	1.0422	0.9470	0.9204	0.9462	1.3983	0.7281	0.9151	0.9464	1.2719	0.8952	0.5759	0.9102	1.2424	0.4622	0.7871	0.6299	0.8621	0.7914	0.6201	0.8336	0.8025
G232_00507	0.8285	0.8182	0.8642	0.5798	0.7905	0.7826	0.6205	1.0861	0.7010	0.6317	1.2838	0.6711	0.7771	0.9179	1.1462	0.6571	0.6420	0.7993	0.7697	0.7563	0.8387	0.8182	0.6749	0.8417	0.8307	0.7824	0.8025
G232_00508	0.8385	0.3147	0.6478	0.6420	0.6763	0.4522	0.7831	0.7616	0.8738	0.3145	1.1608	0.7895	0.6327	0.7500	1.0088	0.7524	0.1984	0.7342	0.9636	0.8487	0.7768	0.7987	0.2266	0.6115	0.7765	0.7136	0.8353
G232_00509	1.0614	0.8322	0.7419	0.6459	0.8133	0.8087	0.4880	1.0397	1.1417	1.1156	1.2058	0.8728	0.6794	1.0250	1.3158	1.0476	1.0467	0.8715	0.8121	0.6303	0.7303	0.6786	0.6158	0.8705	0.8658	0.8512	0.8273
G232_00510	0.9861	4.4895	1.2218	1.0195	0.7884	1.5652	1.9578	1.7086	0.9417	4.2231	0.5104	0.9737	1.0191	0.9286	1.5760	1.5524	6.9105	1.0775	1.6303	0.6807	0.5187	1.9058	6.8719	0.6115	1.5934	0.7264	0.6404
G232_00511	0.6383	1.1189	0.8199	0.7198	0.9668	0.4304	0.3012	0.8013	0.6990	0.7634	1.2899	0.7851	0.5393	0.7571	0.9795	1.1238	0.7354	0.9014	0.4061	0.6639	0.8865	0.9481	0.9852	1.1151	0.6766	0.8448	0.6333
G232_00512	0.7126	1.2168	0.9583	0.6187	0.6888	0.7304	1.0361	1.2185	0.6641	0.6640	1.1145	0.6711	0.5563	0.7107	0.9795	0.8000	0.7354	0.8715	0.6970	1.1176	1.0039	1.0065	1.0443	1.0432	0.7048	0.6288	0.9274
G232_00513	0.7552	0.9231	0.9355	0.7471	0.7967	0.7739	0.8133	0.7417	0.6388	1.0511	1.3167	0.7588	0.7197	0.7393	1.0175	0.5619	1.4864	0.7746	0.9394	0.8151	0.6903	0.6786	1.4138	0.9496	0.7735	0.7040	0.7484
G232_00514	0.6194	0.1469	0.7903	1.0545	0.6203	0.7522	0.9217	0.6755	0.4524	0.1828	0.0390	0.5921	0.8110	1.1821	1.6696	1.0857	0.0272	0.7887	0.6182	1.0084	0.8194	0.9058	0.0640	0.9424	0.8238	0.6432	0.7476
G232_00515	0.9514	0.3706	0.8427	0.8093	0.8423	1.0261	0.8675	1.2914	0.6583	0.8333	1.3812	1.0789	1.1571	0.6071	0.9737	1.3429	0.4436	0.5863	0.9939	0.9160	0.9123	0.7987	0.3350	0.6906	0.8024	0.6976	0.7245
G232_00516	0.8236	0.1329	0.9046	0.7549	0.8506	0.5652	0.5241	0.9536	0.5864	0.5081	1.1681	0.6974	0.5414	0.8214	0.6988	0.5905	0.0078	0.7201	0.7212	0.4118	0.9755	0.8084	0.0887	0.6547	0.8070	0.7056	0.8609
G232_00517	1.0892	3.3147	0.9261	0.8872	0.9087	0.8739	1.7952	1.9536	0.9495	2.5269	0.9476	0.7675	0.8174	1.0179	0.9561	2.2286	4.6265	0.7923	0.7455	1.2101	0.8000	0.8896	4.0837	0.4029	0.9230	0.9584	0.9956
G232_00518	1.0287	1.0210	0.5551	1.0078	0.9855	0.7217	1.4096	1.2053	0.6641	0.4220	0.0085	0.9254	0.7941	0.7321	0.0000	1.2095	0.7160	0.8451	1.2485	0.8487	0.7213	1.1429	0.5123	0.5036	0.9680	0.9744	1.0337
G232_00519	0.7830	1.5944	0.8266	0.9027	0.8340	0.9870	0.8675	0.7748	0.6466	1.8011	1.1498	0.4825	0.8004	0.7786	1.1433	0.9238	2.9144	0.8715	1.0242	0.6975	0.7819	0.6818	2.0591	0.4676	0.8360	0.7776	0.7281
G232_00520	0.6016	2.9650	0.8737	0.7004	0.3402	1.1870	0.7108	0.5960	1.0699	2.8199	1.6772	1.0877	0.9618	1.1036	1.3129	0.9714	2.4708	1.4754	1.0000	1.4874	0.7845	1.0552	3.5123	1.2374	0.7727	1.2672	1.1860
G232_00521	0.6333	0.5245	0.8669	0.5875	0.7282	0.8870	0.8313	0.4305	0.8155	0.4570	1.0585	0.5702	0.6242	0.9750	1.0439	0.9905	0.1089	0.8556	0.8848	1.0168	1.1161	0.5974	0.1970	1.3022	0.7605	0.6784	0.9132
G232_00522	0.3717	0.6084	0.5712	0.5447	0.6328	0.9565	0.3193	0.5563	0.9301	1.0081	1.1023	0.7281	0.6348	1.2679	0.7427	0.9524	0.7160	0.6056	0.3515	1.1092	0.5677	0.9416	0.8621	0.3957	0.9039	0.7440	1.1621
G232_00523	0.9931	2.4545	0.9543	0.9844	0.9896	1.2000	0.9518	0.9139	0.7398	2.0323	1.0706	0.8202	0.8153	0.9607	1.0702	0.3524	3.0545	0.9401	0.8667	0.6807	0.7497	0.8831	4.0739	1.2086	0.8406	0.6960	0.9265
G232_00524	1.0545	0.1958	0.8629	0.8405	0.5975	0.8000	0.6265	0.7020	0.6311	0.8091	1.1998	0.8377	0.4713	0.7429	0.9795	0.6952	0.2568	0.8275	0.7818	1.0000	0.7135	0.6818	0.1133	0.5396	0.7994	0.7696	0.8981
G232_00525	0.8593	0.4126	0.8065	0.7121	0.8506	0.5522	0.8675	0.9868	0.7650	0.6425	1.1644	0.9123	0.8259	0.5964	1.0585	0.8000	0.3735	0.7236	0.3455	0.6555	0.8723	0.9805	0.4975	0.4748	0.9375	0.8704	0.8344
G232_00526	1.1259	8.7972	0.7473	0.8716	0.5768	2.4261	0.9036	0.5629	0.7301	5.4489	1.2107	0.7368	0.7686	0.7321	0.8918	1.3905	9.5564	1.1866	1.5758	1.5210	0.7148	0.6136	6.2266	1.0360	0.6392	0.7664	1.0159
G232_00527	0.8077	0.1329	0.7030	0.8132	0.8257	0.5522	0.4157	0.8477	0.7942	0.3495	1.2655	0.4956	0.7728	0.8214	0.9737	1.2286	0.0934	0.7236	0.9394	0.7731	0.6929	0.6753	0.0788	0.9568	0.7239	0.6992	0.8654
G232_00528	0.5074	0.0000	0.7056	1.3541	0.4959	1.1652	0.8916	0.8278	1.0136	0.2016	1.4629	1.2193	0.7028	1.1500	1.5234	0.3619	0.0000	1.1655	0.4545	0.3782	0.8852	0.4935	0.1823	0.6906	0.9558	0.7248	0.8733
G232_00529	0.8038	0.6643	0.6277	0.5953	0.6162	0.3957	0.6627	1.0132	0.9476	0.9731	1.1742	0.7193	0.6369	0.7964	1.1053	0.5238	0.6732	0.8803	0.5212	0.4034	0.5871	0.6136	0.4877	0.6403	0.9695	0.7744	0.8663
G232_00530	0.7562	0.0000	0.7944	0.6304	0.6017	0.9739	0.6687	0.6689	0.9650	0.2473	1.1364	1.2763	0.7643	0.5786	0.0000	0.5905	0.0739	0.9014	0.5455	0.7059	0.8813	0.6136	0.0000	0.3237	0.6110	0.9328	0.7387
G232_00531	0.5659	0.0070	1.2433	1.1128	0.7697	0.5478	0.9096	1.2980	0.6718	0.4839	0.4214	1.1053	0.9745	0.8607	0.3830	0.6476	0.0000	0.7606	0.8606	0.8403	0.6606	0.5357	0.0000	0.8921	0.9954	1.0064	0.7431
G232_00532	1.4311	9.7762	0.9731	1.0739	1.0768	1.8087	2.2169	1.6623	1.0699	6.7715	1.7381	0.8114	1.0510	0.9857	1.4298	1.3333	11.6148	1.4472	1.5636	1.5378	0.7923	1.0974	11.2167	0.6475	1.3463	1.1600	1.0611
G232_00533	0.7403	1.1329	0.5739	0.7977	1.0166	0.9478	1.0241	1.4636	0.9476	0.8333	1.5079	0.8509	0.6561	1.0786	0.9766	2.1524	1.4514	0.8116	1.2000	0.7983	0.8310	0.8636	0.8818	0.4029	0.8627	0.8704	0.9973
G232_00534	0.8900	0.2028	0.7433	0.7704	0.8859	0.9087	1.0783	0.8543	0.8718	0.5645	1.1401	0.6886	0.6476	0.8179	1.2222	0.6952	0.2685	0.7588	0.8909	0.9832	0.8181	0.8084	0.2709	0.9065	0.8558	0.6336	0.8432
G232_00535	0.6700	0.4895	0.8642	0.6226	0.7780	0.5696	0.4337	0.6689	0.7553	0.5618	1.1766	0.7807	0.8132	0.6500	1.2982	0.4286	0.3658	0.7835	0.9091	0.6975	0.6877	0.7500	0.4581	0.6906	0.8101	0.6384	0.7378
G232_00536	0.6650	0.0769	1.0941	0.6770	0.9025	0.5435	0.5542	1.1126	0.7010	0.8199	1.2034	0.7895	0.3928	0.7857	1.0702	0.5333	0.2568	0.7130	1.0909	0.6050	0.7239	0.6006	0.3251	0.5396	0.9535	0.7728	0.5917
G232_00537	0.8236	0.0000	0.7970	0.7549	0.7012	0.5565	0.7108	0.9735	0.6311	0.5054	1.4178	1.1754	0.8025	0.7571	1.0906	0.8762	0.0350	0.8380	0.7394	1.0000	0.7935	0.8214	0.0493	0.2878	0.8383	0.8240	0.9513
G232_00538	3.1070	0.1469	1.1922	0.8210	2.6183	0.2130	1.9096	1.4636	1.2058	1.2258	0.0000	1.4868	0.8323	3.9536	1.0994	1.3714	0.0233	3.7183	1.1091	1.1092	1.3277	0.9708	0.0000	0.3094	0.9329	1.4208	4.2905
G232_00539	0.6829	0.0839	0.5632	0.7860	0.7822	0.6000	0.4759	1.0000	0.7631	0.6909	1.6419	0.9123	0.7834	0.8179	1.1404	0.5333	0.0000	0.8504	0.7152	0.7059	0.8748	0.8149	0.0591	0.9281	0.7300	0.5440	0.7635
G232_00540	0.5659	0.1888	0.7245	0.4708	0.9295	0.5348	1.0422	0.8675	0.7204	0.3280	0.1121	0.4912	0.7367	0.8107	0.2047	0.6571	0.1323	0.7553	0.4485	0.8739	0.7755	0.8312	0.2759	0.6115	0.7460	0.6880	0.7671
G232_00541	0.6323	0.5035	0.8548	0.6654	0.8237	0.7000	0.8253	0.6424	0.4563	0.4274	1.1766	0.3246	0.5605	0.5750	1.0848	0.9524	0.1984	0.5722	0.6667	1.1681	0.8129	0.6364	0.3448	0.6331	0.5461	0.6384	0.7130
G232_00542	0.6452	0.0979	0.7608	0.6459	0.7510	0.5304	0.5663	0.8079	0.9864	0.4919	1.0207	0.4561	0.7155	0.5464	0.9795	0.8857	0.0195	0.6989	0.8364	0.8151	0.7239	0.5877	0.0345	0.3669	0.8940	0.8560	0.8255
G232_00543	0.7810	0.1119	0.7406	0.6965	0.9710	0.5087	0.6928	0.6490	0.7573	0.5349	1.3130	1.0351	0.6391	0.8750	1.1345	0.4381	0.0350	1.0176	0.7333	0.7983	0.6516	0.7110	0.0788	0.8777	0.9260	0.9200	0.9291
G232_00544	0.6967	0.1888	1.1169	0.9105	0.9979	1.1087	0.6386	1.6093	0.4291	0.9005	1.1571	0.6930	0.8301	1.1857	0.8860	0.9429	0.0000	0.7077	0.6000	0.8067	0.8929	0.7662	0.1921	1.1295	0.7361	0.6144	0.7157
G232_00545	0.8167	1.6923	0.7876	0.6381	1.0207	1.2783	0.9458	0.5364	0.9184	1.9005	1.0816	0.7281	0.6157	1.0821	0.9064	0.9333	2.4825	1.0704	0.7091	0.7227	0.8348	0.9935	1.6256	0.6978	0.7048	0.8528	0.8725
G232_00546	0.8553	0.1608	0.8145	0.6693	0.7469	0.5739	0.7470	1.0265	0.9806	0.8360	1.5725	1.0000	0.7197	0.9964	0.9912	1.1143	0.2490	1.0053	0.7030	0.5546	0.7406	0.4156	0.1675	0.6259	0.9947	0.8496	0.7422
G232_00547	0.7066	0.1958	0.7540	0.8366	0.7116	0.8304	0.8313	0.6093	0.7670	0.6022	1.4373	0.8114	0.7898	0.5393	1.0088	0.8762	0.1401	0.8398	0.5212	0.8655	0.8645	0.6169	0.1773	0.4892	0.9359	0.6432	0.6820
G232_00548	1.6016	0.1329	1.6707	2.2685	1.5353	1.5217	1.0663	1.6689	2.1825	0.6263	0.2619	1.9956	1.9915	1.9036	3.3947	1.8000	0.0078	1.2447	1.3818	1.6975	2.0439	1.2045	0.1232	1.3094	1.6026	1.4656	1.3499
G232_00549	0.4539	0.0909	0.4207	0.4319	0.7427	0.4087	0.3675	0.8675	0.8951	0.2769	0.1194	0.5965	0.5138	0.6250	0.9678	0.3429	0.0000	0.6197	0.5273	0.2521	0.7587	0.2240	0.0000	0.5540	0.3852	0.4976	0.5341
G232_00550	1.6095	0.0350	0.7056	0.7938	2.2158	0.2739	1.5602	0.7881	0.7592	0.1452	0.1644	2.1053	0.5732	0.7857	2.8363	0.9238	0.0000	0.7306	0.8606	0.3193	0.9084	0.7955	0.1034	0.5971	0.7735	0.8640	0.9167
G232_00551	2.0069	0.2448	1.3763	1.8132	2.9585	1.0130	2.2952	1.4768	0.7223	0.4812	0.0938	2.6711	1.4947	1.1786	3.3216	1.9810	0.0195	0.8222	0.6667	0.4454	1.4465	0.7955	0.0542	0.9496	0.9588	1.1984	0.7715
G232_00552	1.7374	0.1259	1.4597	1.4669	2.3983	0.2739	1.8916	1.4305	0.7592	0.4301	0.0244	2.5219	1.1231	1.0857	2.5322	1.0000	0.0000	0.7465	0.6182	0.8067	1.2310	0.7955	0.1330	1.2590	0.8261	0.9056	0.6528
G232_00553	1.6234	0.0000	1.5323	1.5253	1.0207	0.5957	0.9940	1.7020	1.6816	0.3844	0.0000	0.8246	1.4522	0.5214	0.6082	1.2667	0.0000	0.6954	1.6788	2.1008	1.6348	2.1883	0.0837	0.6619	1.6812	1.3968	0.5802
G232_00554	0.3261	0.0000	0.3844	0.2918	0.3983	0.4565	0.7289	0.2517	0.6893	0.0968	0.1608	0.4956	0.2399	0.7893	0.4971	0.8286	0.0000	0.6109	0.8000	0.2437	0.7329	0.3312	0.0000	0.9353	0.7368	0.5072	0.5456
G232_00555	1.1734	1.8322	1.1761	1.6420	0.6515	1.8304	1.0663	1.4437	1.0214	0.8199	0.0000	0.8728	0.8917	1.7464	1.1608	3.0952	1.1012	0.9278	0.6606	1.0252	0.8490	0.9773	1.2463	1.3309	0.8207	0.7600	1.2099
G232_00556	1.1734	1.5944	1.2782	1.1595	0.8112	0.8043	1.3554	1.6954	0.8796	0.4005	0.0353	0.8158	0.6709	0.8071	0.0848	0.8476	0.0584	1.1056	0.6424	0.4790	0.8310	1.0130	0.0197	2.0504	1.1228	0.7312	0.9194
G232_00557	0.9277	0.0559	1.1022	1.6848	0.6722	0.9913	0.2169	1.4040	0.9320	0.3575	0.0000	0.6754	0.5881	0.6357	0.0614	2.1714	0.5331	0.8204	0.1515	0.9328	0.5974	0.3701	0.2906	1.1367	0.1114	0.7184	0.8849
