GENE	Rstd	SM102	SM104	SM105	SM108	SM109	SM11	SM122	SM13	SM14	SM18	SM24	SM27	SM28	SM29	SM35	SM36	SM42	SM48	SM57	SM66	SM67	SM72	SM74	SM84	SM9	SM91
G232_01041	0.8444	0.3077	0.7460	0.6693	0.6618	0.7391	0.6205	0.7748	0.7728	0.6425	1.2168	0.6096	0.6497	0.6679	0.9327	0.5619	0.2101	0.7359	0.8970	0.7479	0.8168	0.7273	0.2857	1.0144	0.7056	0.8032	0.7795
G232_01042	0.7245	0.2448	0.8239	0.7082	0.7905	0.9652	0.8675	1.3113	0.6155	0.2608	0.8989	0.6798	0.7834	1.0214	1.0643	1.1619	0.0739	0.8609	1.0242	0.5630	0.8155	0.7695	0.1576	0.8273	0.9405	0.5920	0.7440
G232_01043	0.8860	0.0000	0.6667	0.2296	0.5519	0.5652	0.4940	0.9007	0.8388	0.3360	1.0280	0.5526	0.7367	0.5214	0.8538	0.3905	0.0000	0.5282	0.8000	0.4370	0.6000	0.7987	0.0394	0.9712	0.7910	0.4736	0.7511
G232_01044	0.8404	0.4406	0.8401	0.9883	0.7469	0.8043	0.8735	0.9536	0.8932	0.5538	1.3922	0.8947	0.9363	1.0500	1.3684	1.0286	0.0000	0.9349	0.7636	1.0420	0.7806	1.0390	0.0493	1.3453	0.8413	0.7504	0.8866
G232_01045	1.0347	0.3497	0.6358	1.2957	1.0332	0.8348	0.7289	0.4967	0.6427	0.6102	1.2533	0.7763	0.6157	0.5214	1.1784	0.1905	0.1751	0.5986	0.4000	0.3025	0.7497	0.7338	0.4433	0.7770	0.6117	0.6992	0.8415
G232_01046	0.8285	0.7832	0.7110	0.5603	0.7863	0.7391	0.7711	0.8079	0.6544	0.8118	1.0329	0.6228	0.7197	0.8071	0.7602	0.6286	0.7665	0.7570	0.7030	0.6891	0.5974	0.8474	0.8227	0.7842	0.7666	0.8224	0.6944
G232_01047	0.8949	0.7273	0.8548	0.5409	0.9813	0.8304	1.0301	0.8742	0.8835	0.9301	1.3605	0.6711	0.7006	0.9821	1.0760	0.7048	0.6770	0.7447	0.6061	0.7899	0.6077	0.8669	0.7192	0.7770	0.9001	0.7824	0.7609
G232_01048	0.7899	0.0000	0.9946	1.1518	0.6556	0.3130	0.5000	0.5960	0.7592	0.5376	1.2789	0.5351	0.6879	0.8036	1.0409	0.7333	0.0000	0.8063	0.3455	0.6723	0.7626	0.5974	0.0690	0.4245	0.8192	0.7536	0.9123
G232_01049	1.0783	0.1329	0.9489	0.6070	0.7324	0.8304	0.4880	1.5629	0.8155	0.6828	1.1669	0.7719	0.7006	0.7893	0.9708	0.7524	0.0156	0.7377	0.6000	0.9916	0.8619	0.8864	0.0000	0.2230	0.8688	1.2368	1.0062
G232_01050	0.5203	4.9930	0.7500	1.4358	0.8485	2.2174	1.3795	1.0927	1.2718	4.6640	1.9854	1.2149	1.1104	0.6107	1.0205	1.1619	7.5875	1.4806	0.7212	0.4622	0.6645	0.8734	5.8276	0.9496	0.8612	0.8512	1.0682
G232_01051	1.1348	2.6014	0.9704	0.7043	0.9668	1.0783	1.0301	0.8742	0.6330	2.3011	1.7588	0.6579	1.1104	0.9929	0.8421	0.9143	2.9339	0.9912	1.1152	1.2857	0.6529	0.9221	2.7537	0.6115	0.8528	1.0960	1.0186
G232_01052	0.7859	1.9231	0.9328	0.6537	0.6763	0.8913	1.0663	0.9868	0.6350	1.5833	1.0280	0.7149	0.6348	0.8607	0.7836	0.9048	2.0934	0.6004	1.0121	1.2101	0.8981	1.2760	2.1823	0.8705	0.8185	0.7840	0.8087
G232_01053	0.9633	1.5804	0.7030	0.8833	0.6929	1.1130	1.4398	0.5298	0.9359	1.9220	1.3715	1.1535	0.7771	1.0143	1.1023	1.1238	2.4280	0.9014	0.6788	0.6471	1.1342	0.7890	2.0099	1.1583	0.8665	0.7424	0.7573
G232_01054	0.8494	0.7622	0.7325	0.6965	0.7178	0.8043	0.6084	1.1788	0.9359	0.7634	1.0694	0.7895	0.8195	0.7679	0.9064	0.8381	0.9416	0.8873	0.7818	0.7227	0.5897	0.7500	0.9113	0.7050	0.8863	0.6224	0.7272
G232_01055	0.7225	0.1678	0.7070	0.9222	0.7905	0.9261	0.4096	0.3775	1.2311	0.6774	1.3703	1.0614	0.9023	0.8536	0.8129	0.5714	0.1556	1.0282	0.5394	0.5294	1.0387	0.4968	0.1724	1.4173	0.8596	0.8096	1.0664
G232_01056	0.7076	0.5524	0.8777	1.0895	0.9315	0.7870	0.8916	1.0000	0.8816	1.0323	1.3569	0.8772	0.5626	1.0500	0.9766	0.9238	0.7938	0.8539	0.7939	1.1176	0.8710	0.7727	0.8128	1.1583	0.8391	0.8800	0.8849
G232_01057	0.7473	0.2378	0.9368	0.8210	0.8278	0.8783	0.9096	0.7285	0.7786	0.3844	1.2473	0.6623	0.6030	0.7500	1.0731	0.9714	0.1012	0.6620	0.7697	0.6975	0.7845	0.8539	0.1478	0.9137	0.7170	0.8448	0.6962
G232_01058	0.7839	0.1538	0.8333	0.9767	0.8610	0.6696	1.0181	1.3576	0.7650	0.4570	1.5907	0.7719	0.6900	0.9357	0.1520	0.8667	0.0739	1.2218	1.0606	0.9244	0.7974	0.8247	0.0788	0.4173	0.7857	0.7056	0.9238
G232_01059	0.5719	0.0769	1.0027	0.6109	0.5581	0.6783	0.4157	0.8675	0.5592	0.4140	1.2948	0.8070	0.9554	0.9464	0.8596	0.5714	0.0000	0.6004	1.0727	0.7815	0.5626	0.9545	0.0148	0.9496	0.9535	0.7008	0.6218
G232_01060	0.8226	0.2028	0.9866	0.5603	0.7386	0.9435	0.5000	0.6887	0.6272	0.3952	1.0073	0.4605	0.5902	0.5893	1.2690	0.4476	0.0584	0.5035	0.3818	0.8739	0.7226	0.7760	0.1182	0.7914	0.7696	0.5440	0.7431
G232_01061	0.9029	0.6364	1.2594	0.5253	0.9647	0.9217	0.7470	1.0530	0.6913	0.7339	1.2607	0.4825	0.6072	0.7536	1.1754	0.9143	0.7160	0.3785	0.3576	1.2101	0.7845	0.4123	1.0099	0.7410	0.4348	0.4496	0.5022
G232_01062	0.7572	0.3007	0.9315	0.6420	0.7095	0.5043	0.5482	0.6556	0.5049	0.2043	1.1376	0.8246	0.5584	0.7107	1.1287	0.7429	0.2335	0.5757	0.6242	1.0084	0.5819	0.7630	0.4384	0.3453	0.6903	0.7024	0.6767
G232_01063	0.9544	0.7273	0.8320	0.8366	0.8340	0.8565	1.0783	1.0795	0.8816	1.3333	0.8831	0.7982	0.8684	0.6179	0.0702	0.6381	1.7043	0.9137	1.2909	0.6387	0.7484	0.9448	1.2660	0.4964	0.7872	1.0736	0.8503
G232_01064	0.9415	0.0909	0.7245	0.5914	0.6929	0.7043	0.3193	0.4305	0.5961	0.1640	1.3691	0.9693	0.7091	0.9393	1.0263	0.3333	0.0506	0.5792	1.0909	0.4034	0.5484	0.7630	0.0000	0.5468	0.8993	0.6720	0.7954
G232_01065	0.7166	0.6154	0.8508	0.6693	0.6971	0.3913	0.2651	0.8411	0.6155	0.6989	1.2229	0.4781	0.5244	0.8179	0.8246	0.4190	0.3619	0.9384	0.3818	0.5378	0.6065	0.6786	0.3941	0.7554	0.9146	0.6512	0.7272
G232_01066	1.1179	0.4615	0.7554	0.8599	0.5622	0.4043	0.8012	0.6821	0.5806	0.7097	0.8441	0.6316	0.4820	0.5071	1.2398	0.2190	0.1012	0.6954	0.1576	0.1429	0.4542	0.6136	0.1379	0.5108	0.4645	0.5424	0.6519
G232_01067	0.9058	0.1399	0.7379	0.6420	0.6432	0.5000	0.4880	0.7748	0.8291	0.5269	1.1669	0.8465	0.8386	0.9393	1.0585	0.6000	0.1284	0.8046	0.7455	0.5714	0.5935	0.7695	0.1281	0.6475	0.8902	0.7568	0.8574
G232_01068	0.6561	1.1049	0.8454	0.8911	0.9398	0.7087	0.8012	1.0331	0.8563	0.9355	1.1401	0.6360	0.7877	0.9821	1.0205	1.1238	1.1712	1.1021	0.9091	0.7815	0.6181	0.9221	1.4926	0.6043	0.7971	0.7680	0.9433
G232_01069	0.9257	0.4825	0.8333	0.7782	0.8091	0.6348	0.6747	1.0927	0.6602	0.7661	1.0585	0.8991	0.8599	0.7571	1.0994	0.9810	0.4397	0.6567	0.6303	0.8487	0.6813	0.8019	0.5123	0.5252	0.8596	0.7120	0.8087
G232_01070	0.6997	0.2098	0.7487	0.4669	0.7573	0.8174	0.9398	0.9603	0.8796	0.7097	1.2826	0.8465	0.6624	0.9464	1.2018	0.4952	0.2724	0.9401	1.2545	1.1681	0.8129	0.8019	0.4236	0.9281	0.8474	0.6736	0.9167
G232_01071	0.9049	2.0280	0.8858	1.1440	0.7801	1.0000	1.0783	0.4570	0.9748	1.3548	0.0865	0.5395	0.9257	0.7321	0.1257	1.1619	2.7549	0.8415	1.0848	1.6555	1.0103	0.8571	2.5172	1.4173	0.8032	0.8416	0.8769
