GENE	Rstd	SM102	SM104	SM105	SM108	SM109	SM11	SM122	SM13	SM14	SM18	SM24	SM27	SM28	SM29	SM35	SM36	SM42	SM48	SM57	SM66	SM67	SM72	SM74	SM84	SM9	SM91
G232_06117	0.7175	6.4965	0.7016	0.7315	0.7967	1.4043	1.2289	1.2583	0.7631	4.5484	1.1742	0.5175	0.7516	0.9679	0.9678	0.8857	7.2996	1.1408	1.0182	1.6975	0.5768	0.7727	6.1626	0.2806	1.0053	0.5008	0.8521
G232_06118	0.8811	0.5734	0.8078	0.7665	0.6079	0.5609	0.4578	0.6093	0.7806	0.7581	1.1133	0.6623	0.7580	0.9107	0.8655	0.4476	0.4786	0.7025	0.4485	0.4370	0.6697	0.6558	0.5468	0.4604	0.7635	0.6560	0.8485
G232_06119	0.9574	1.6643	0.9328	0.6187	0.8133	0.7565	0.8373	1.0000	0.8000	1.2043	1.1815	0.5965	0.7452	0.8107	1.0409	1.0476	1.3696	0.8627	0.6667	1.2941	0.8529	0.8799	1.5025	0.5252	0.9008	0.6688	0.9061
G232_06120	1.2071	0.4056	0.8562	1.0078	0.8755	0.5391	0.7169	1.0000	0.7029	0.6022	1.3325	0.7500	0.8238	0.8036	0.9035	1.2190	0.3268	0.9173	1.0788	0.8908	0.8013	0.7565	0.3695	0.5036	1.0282	0.7408	0.9787
G232_06121	0.8444	0.5385	1.0645	0.9222	0.7676	0.7087	0.9036	1.0265	0.8913	0.7016	1.1486	0.9254	0.8556	0.4857	0.6871	1.2952	0.6187	0.9331	0.5455	0.9580	0.8258	0.7662	0.5764	0.5036	0.8787	0.7248	0.9300
G232_06122	1.2716	0.5664	1.0390	0.7315	0.9730	0.8870	0.7169	1.3642	0.6757	1.1237	1.1693	1.0395	0.6093	0.6714	0.9708	0.7429	0.0623	0.7993	0.2909	0.6134	0.9084	0.6429	0.1281	0.4820	0.8719	0.8432	0.7334
G232_06123	0.9594	1.4336	1.0067	0.8132	0.9544	1.3174	0.6747	1.1126	1.0680	1.1962	1.3642	0.6316	0.8896	0.9393	1.0117	0.6190	0.9261	1.3451	0.8485	0.6639	0.7974	0.7305	1.2463	0.4317	0.8154	0.5456	1.0762
G232_06124	0.5421	0.8392	0.4099	0.6109	0.5685	0.6826	0.4277	0.4636	0.7165	0.7339	0.5177	0.4430	0.5287	0.8821	0.6901	0.5810	0.7043	0.4665	0.2909	0.4118	0.3510	0.4221	0.4975	0.2734	0.5034	0.5600	0.4730
G232_06125	0.7522	0.3776	1.1586	1.0739	0.9066	1.1130	1.5120	1.1325	0.8311	0.6586	1.2473	0.6974	0.7580	0.7393	1.0351	0.8286	0.2451	0.8697	0.6545	0.6218	0.8761	0.6656	0.2069	0.6331	0.8520	0.7504	0.9885
