GENE	Rstd	SM102	SM104	SM105	SM108	SM109	SM11	SM122	SM13	SM14	SM18	SM24	SM27	SM28	SM29	SM35	SM36	SM42	SM48	SM57	SM66	SM67	SM72	SM74	SM84	SM9	SM91
G232_10649	0.9752	0.1189	0.8629	0.8444	0.7531	0.5391	0.4880	0.2450	0.8214	0.5511	1.1827	0.8684	0.6051	0.5857	1.0760	0.6095	0.0311	0.8908	0.7576	0.6807	0.5845	0.5779	0.0296	0.4604	0.9580	0.7968	0.7502
G232_10650	0.9217	0.1608	0.8091	0.7004	0.8423	0.9435	0.4819	0.3113	0.6330	0.7285	1.5542	0.9254	0.7898	0.7750	0.8421	0.9143	0.0000	0.7271	1.3394	1.0840	0.8684	0.5974	0.0837	0.1151	0.7605	0.8048	0.9221
G232_10651	0.8513	0.1119	0.6989	0.7743	0.7241	0.6783	0.7530	0.7020	0.6155	0.4516	0.9513	0.7193	0.9321	0.7964	0.4591	0.8952	0.1284	0.5599	0.6182	0.5210	0.7497	0.8149	0.1970	0.4892	0.8490	0.7584	0.7130
G232_10652	0.9237	0.0000	0.5349	1.2062	0.8278	1.3913	0.6446	0.3775	1.3146	0.4086	1.9196	0.7018	0.9597	1.4286	1.3567	0.9429	0.0000	0.7359	0.4848	1.1765	0.9342	1.3636	0.0542	1.1367	0.8955	0.7136	0.9708
G232_10653	0.9514	0.4895	0.7984	0.8016	0.9813	0.7261	0.6747	1.4967	1.0485	0.9489	1.3752	0.6316	0.7240	0.9464	1.2865	1.1238	0.5681	0.8275	1.0848	0.8739	0.8710	0.9935	0.5320	0.7122	1.0175	0.6736	0.9637
G232_10654	1.1189	0.6573	0.8777	0.7471	0.5436	0.7652	0.8916	0.8212	1.2388	0.9651	1.1924	1.0395	0.8132	1.1250	1.2339	0.6952	0.8872	0.7588	0.7879	0.6387	0.8426	1.1818	0.5665	0.6978	0.8810	0.8832	0.9088
G232_10655	0.9108	0.5594	0.9140	0.9611	0.8444	0.8435	0.8916	0.8808	0.8097	0.6129	1.3459	0.7500	0.6837	0.9321	1.1053	0.7810	0.4553	0.8081	0.7273	0.7563	0.7058	0.9026	0.3695	0.8561	0.8047	0.7024	0.7883
G232_10656	1.2151	0.6014	1.1250	0.6420	0.9378	0.7348	1.4157	1.0132	0.5942	0.6075	1.0767	0.7061	0.7282	0.9929	1.5263	1.2571	0.0856	0.6585	1.2848	1.1261	1.1626	2.0552	0.0542	1.3741	0.8040	0.7152	0.7662
G232_10657	0.8712	1.4895	0.7903	0.7860	1.0270	0.7957	1.0602	0.6556	1.2039	1.0054	1.1912	0.5877	0.6964	0.8357	1.2749	1.1143	1.3502	0.8486	0.9212	0.7983	0.7432	0.8864	1.2660	0.8417	0.9756	0.7008	0.8477
